climate_key,country_code,yr,average_annual_precipitation_mm,agricultural_land_percent_of_total,forest_land_percent_of_total,terrestrial_and_marine_protected_area_percent,terrestrial_protected_area_percent,annual_freshwater_withdrawals_percent_of_total,num_of_bird_species_threatened,num_of_fish_species_threatened,num_of_mammal_species_threatened,percent_population_exposed_air_pollution_over_who_guideline,co2_emissions_kt,co2_emissions_metric_tons_per_capita,total_ghg_emissions_kt_of_co2_equivalent
1,CAN,2005,537,6.876959575,38.7662262,,,,24,44,18,19.60268225,549970,17.0566373,705080
2,CAN,2006,537,6.757391315,38.76087508,,,,24,44,18,19.60268225,541070,16.61192808,691000
3,CAN,2007,537,6.693145683,38.75552395,,,1.449729825,24,44,18,19.60268225,571310,17.37084027,722540
4,CAN,2008,537,6.62890005,38.75017283,,,,24,44,18,19.60268225,550200,16.54880282,698190
5,CAN,2009,537,6.564654418,38.7448217,,,,24,44,18,19.60268225,520800,15.48668191,661010
6,CAN,2010,537,6.500408785,38.73947058,,,,24,44,18,13.66721763,535030,15.73391403,674200
7,CAN,2011,537,6.435683541,38.73486407,,,,24,44,18,18.72081855,547720,15.95022477,689760
8,CAN,2012,537,6.443636169,38.73025757,,,1.278596491,24,44,18,8.338183945,547140,15.7612635,694210
9,CAN,2013,537,6.451555335,38.72565107,,,,24,44,18,6.630326768,556350,15.85812871,705420
10,CAN,2014,537,6.459474502,38.72104457,,,,24,44,18,2.023391521,561830,15.85413843,712310
11,CAN,2015,537,6.467505206,38.71643807,,,,24,44,18,0.7255540417,558800,15.65138616,707930
12,CAN,2016,537,6.474755147,38.71201338,6.477119482,9.69,,24,44,18,0,550480,15.24474718,695200
13,CAN,2017,537,6.471855171,38.7078876,6.477193623,9.685573936,1.253684211,24,44,18,0,562260,15.38529105,709370
14,CAN,2018,537,6.491374243,38.70376294,6.477193623,9.685573936,,24,44,18,0,574400,15.49702527,724930
15,CAN,2019,537,6.491374243,38.69963717,,,,24,44,18,0,574400,15.49702527,724930
16,CAN,2020,537,6.491374243,38.69551251,,,,24,44,18,0,574400,15.49702527,724930
17,HND,2005,1976,28.15264992,59.67351863,,,,14,45,8,100,7030,0.9424878623,17100
18,HND,2006,1976,28.24202342,59.49226919,,,,14,45,8,100,8030,1.051832553,18070
19,HND,2007,1976,28.24202342,59.31101975,,,1.772556806,14,45,8,100,8610,1.10264173,18750
20,HND,2008,1976,28.4565198,59.12977031,,,,14,45,8,100,8650,1.083830193,18770
21,HND,2009,1976,28.58164268,58.94852087,,,,14,45,8,100,8150,0.9999043036,18710
22,HND,2010,1976,29.13575833,58.76727143,,,,14,45,8,100,8210,0.9870793596,18890
23,HND,2011,1976,29.40387881,58.56771829,,,,14,45,8,100,8780,1.03529556,19920
24,HND,2012,1976,29.67199929,58.36816516,,,1.772556806,14,45,8,100,9140,1.05778565,20300
25,HND,2013,1976,29.67199929,58.16861203,,,,14,45,8,100,9340,1.061541686,20880
26,HND,2014,1976,29.67199929,57.9690589,,,,14,45,8,100,9460,1.056324778,21120
27,HND,2015,1976,29.67199929,57.76950576,,,,14,45,8,99.99887667,9870,1.083079554,21560
28,HND,2016,1976,29.67199929,57.58378765,12.42893369,28.44,,14,45,8,99.98207531,9400,1.013936886,21500
29,HND,2017,1976,29.94011976,57.39663956,10.86370093,23.88555226,1.772556806,14,45,8,99.98352171,9000,0.9545004484,21300
30,HND,2018,1976,29.99374386,57.20940209,10.86370093,23.88555226,,14,45,8,99.98352171,9770,1.019032757,22400
31,HND,2019,1976,29.99374386,57.02216463,,,,14,45,8,99.98352171,9770,1.019032757,22400
32,HND,2020,1976,29.99374386,56.83492716,,,,14,45,8,99.98352171,9770,1.019032757,22400
33,HTI,2005,1440,60.59506531,13.77050073,,,,17,30,4,100,1710,0.1859647913,7510
34,HTI,2006,1440,60.59506531,13.76226415,,,,17,30,4,100,1720,0.1840598991,7560
35,HTI,2007,1440,66.03773585,13.75402758,,,10.96365433,17,30,4,100,2040,0.2148423184,7970
36,HTI,2008,1440,64.22351234,13.745791,,,,17,30,4,100,2030,0.2104374923,7990
37,HTI,2009,1440,65.17888244,13.73755443,,,,17,30,4,100,1990,0.2031017205,8040
38,HTI,2010,1440,67.85195936,13.72931785,,,,17,30,4,100,2460,0.2472531283,8570
39,HTI,2011,1440,66.40058055,13.61661829,,,,17,30,4,100,2800,0.2772189396,8970
40,HTI,2012,1440,64.22351234,13.50391872,,,11.14527287,17,30,4,100,2500,0.2438805017,8710
41,HTI,2013,1440,66.76342525,13.39121916,,,,17,30,4,100,2730,0.2624830396,9000
42,HTI,2014,1440,66.76342525,13.27851959,,,,17,30,4,100,3060,0.2900746961,9360
43,HTI,2015,1440,66.76342525,13.16582003,,,,17,30,4,100,3320,0.3104097596,9680
44,HTI,2016,1440,66.76342525,13.05297533,0.2701696227,0.27,,17,30,4,100,3400,0.313653831,9890
45,HTI,2017,1440,66.76342525,12.94013062,0.353092294,1.949882981,11.14527287,17,30,4,100,3370,0.3068555258,9900
46,HTI,2018,1440,66.76342525,12.82728592,0.353092294,1.949882981,,17,30,4,100,3330,0.2993747383,9930
47,HTI,2019,1440,66.76342525,12.71444122,,,,17,30,4,100,3330,0.2993747383,9930
48,HTI,2020,1440,66.76342525,12.60159652,,,,17,30,4,100,3330,0.2993747383,9930
49,LBY,2005,56,8.743762574,0.1233276879,,,,8,32,10,100,49130,8.472712881,133590
50,LBY,2006,56,8.743762574,0.1233276879,,,,8,32,10,100,49370,8.386454339,134750
51,LBY,2007,56,8.743762574,0.1233276879,,,732.0918367,8,32,10,100,46290,7.74755782,132520
52,LBY,2008,56,8.743762574,0.1233276879,,,,8,32,10,100,51470,8.495165662,138420
53,LBY,2009,56,8.743762574,0.1233276879,,,,8,32,10,100,53810,8.772434633,141570
54,LBY,2010,56,8.724439342,0.1233276879,,,,8,32,10,100,57230,9.234119871,145810
55,LBY,2011,56,8.724439342,0.1233276879,,,,8,32,10,100,38050,6.090496616,115160
56,LBY,2012,56,8.726712664,0.1233276879,,,817.1428571,8,32,10,100,52300,8.320405947,117930
57,LBY,2013,56,8.726712664,0.1233276879,,,,8,32,10,100,54990,8.700467537,109150
58,LBY,2014,56,8.723871012,0.1233276879,,,,8,32,10,100,59700,9.383784035,102270
59,LBY,2015,56,8.723871012,0.1233276879,,,,8,32,10,100,53840,8.388494488,84880
60,LBY,2016,56,8.723871012,0.1233276879,0.2886124271,0.21,,8,32,10,100,51180,7.883354692,86620
61,LBY,2017,56,8.723871012,0.1233276879,0.2885734403,0.2118478681,817.1428571,8,32,10,100,56810,8.632790044,96580
62,LBY,2018,56,8.723871012,0.1233276879,0.2885734403,0.2118478681,,8,32,10,100,58940,8.825249137,103040
63,LBY,2019,56,8.723871012,0.1233276879,,,,8,32,10,100,58940,8.825249137,103040
64,LBY,2020,56,8.723871012,0.1233276879,,,,8,32,10,100,58940,8.825249137,103040
65,MEX,2005,758,54.82136886,34.80662054,,,,71,181,96,99.94016516,432390,4.078950882,586270
66,MEX,2006,758,54.82136886,34.73264539,,,,71,181,96,99.94016516,449710,4.181009222,609010
67,MEX,2007,758,54.88824301,34.65867023,,,19.22982885,71,181,96,99.94016516,462410,4.235667944,630890
68,MEX,2008,758,53.40055043,34.58469508,,,,71,181,96,99.94016516,477410,4.308160702,660920
69,MEX,2009,758,53.17369274,34.51071993,,,,71,181,96,99.94016516,461760,4.105851366,645320
70,MEX,2010,758,52.9046529,34.43674477,,,,71,181,96,99.93565185,468940,4.110157155,650160
71,MEX,2011,758,53.02245428,34.37373904,,,,71,181,96,99.94654393,480960,4.157120485,664660
72,MEX,2012,758,52.54147483,34.3107333,,,20.22738386,71,181,96,99.93348652,480710,4.099027581,659240
73,MEX,2013,758,52.25751691,34.24772757,,,,71,181,96,99.91486566,469860,3.954146576,652690
74,MEX,2014,758,52.16543635,34.18472183,,,,71,181,96,99.7621771,458320,3.808063465,645940
75,MEX,2015,758,53.09395818,34.12171609,,,,71,181,96,99.71526554,472590,3.87819451,670100
76,MEX,2016,758,54.00961959,34.05599424,6.75214757,14.27,,71,181,96,99.656644,479250,3.885809372,682910
77,MEX,2017,758,55.02404897,33.99026724,19.05623992,14.5005326,21.47677262,71,181,96,99.65612655,471810,3.781215828,678120
78,MEX,2018,758,54.98649657,33.92454024,19.05623992,14.5005326,,71,181,96,99.65612655,472140,3.741477725,679880
79,MEX,2019,758,54.98649657,33.85881839,,,,71,181,96,99.65612655,472140,3.741477725,679880
80,MEX,2020,758,54.98649657,33.79309139,,,,71,181,96,99.65612655,472140,3.741477725,679880
81,NIC,2005,2280,44.09174007,39.83492604,,,,17,40,7,99.93610384,4300,0.7906312768,14440
82,NIC,2006,2280,43.21090244,38.82846934,,,,17,40,7,99.93610384,4510,0.8179540738,14730
83,NIC,2007,2280,43.08625561,37.82201263,,,0.9800256082,17,40,7,99.93610384,4670,0.83541053,14930
84,NIC,2008,2280,42.54611933,36.81555592,,,,17,40,7,99.93610384,4460,0.7869519832,14790
85,NIC,2009,2280,42.42147249,35.80909922,,,,17,40,7,99.93610384,4390,0.7640711801,14900
86,NIC,2010,2280,41.76499917,34.80264251,,,,17,40,7,99.93810046,4510,0.7743741563,15250
87,NIC,2011,2280,42.13810869,34.33626392,,,,17,40,7,99.93853213,4770,0.8080589053,16390
88,NIC,2012,2280,42.40485292,33.86988532,,,0.988028169,17,40,7,99.93897528,4690,0.7839492656,16760
89,NIC,2013,2280,42.08908094,33.40350673,,,,17,40,7,99.93943253,4490,0.740623199,16980
90,NIC,2014,2280,42.08908094,32.93712814,,,,17,40,7,99.92908546,4760,0.774899255,17870
91,NIC,2015,2280,42.08908094,32.47074954,,,,17,40,7,99.92951799,5270,0.8468265857,18840
92,NIC,2016,2280,42.08908094,31.63977065,15.47977885,37.23,,17,40,7,99.90322898,5380,0.8534304573,19040
93,NIC,2017,2280,42.08908094,30.80879176,15.50710424,37.22586793,0.988028169,17,40,7,99.90269513,5400,0.8457529809,18960
94,NIC,2018,2280,42.08908094,29.97781286,15.50710424,37.22586793,,17,40,7,99.90269513,5210,0.8058152329,19070
95,NIC,2019,2280,42.08908094,29.14683397,,,,17,40,7,99.90269513,5210,0.8058152329,19070
96,NIC,2020,2280,42.08908094,28.31585508,,,,17,40,7,99.90269513,5210,0.8058152329,19070
97,SYR,2005,252,75.32821267,2.517186904,,,,17,51,14,100,55600,3.028128152,92940
98,SYR,2006,252,75.57044056,2.549038828,,,,17,51,14,100,58830,3.086689056,96910
99,SYR,2007,252,75.67523415,2.581572642,,,198.323051,17,51,14,100,62120,3.125022481,100590
100,SYR,2008,252,75.68067959,2.614245262,,,,17,51,14,100,64060,3.100071879,101700
101,SYR,2009,252,75.73513396,2.646917883,,,,17,51,14,100,59160,2.789793186,96470
102,SYR,2010,252,75.73925829,2.679736427,,,,17,51,14,100,59700,2.794611371,95980
103,SYR,2011,252,75.77737842,2.712410826,,,,17,51,14,100,55920,2.652523165,89570
104,SYR,2012,252,75.81005282,2.745085226,,,195.7992148,17,51,14,100,45990,2.250125386,75930
105,SYR,2013,252,75.81005282,2.777759625,,,,17,51,14,100,30530,1.559366296,56280
106,SYR,2014,252,75.81005282,2.810434025,,,,17,51,14,100,27070,1.446764904,49100
107,SYR,2015,252,75.81005282,2.843108425,,,,17,51,14,100,26040,1.446874775,44380
108,SYR,2016,252,75.81005282,2.843108425,0.6629238462,0.69,,17,51,14,100,26460,1.514980876,44930
109,SYR,2017,252,75.81005282,2.843108425,0.6628064514,0.6853028132,195.7992148,17,51,14,100,29100,1.702185507,47540
110,SYR,2018,252,75.81005282,2.843108425,0.6628064514,0.6853028132,,17,51,14,100,27910,1.647087511,46320
111,SYR,2019,252,75.81005282,2.843108425,,,,17,51,14,100,27910,1.647087511,46320
112,SYR,2020,252,75.81005282,2.843108425,,,,17,51,14,100,27910,1.647087511,46320
113,USA,2005,715,45.0712951,33.41308372,,,,91,251,40,44.22056176,5756080,19.478026,6801820
114,USA,2006,715,45.06684188,33.46966575,,,,91,251,40,44.22056176,5656580,18.9576435,6707430
115,USA,2007,715,45.06234501,33.52624777,,,16.13484741,91,251,40,44.22056176,5740270,19.05602695,6797860
116,USA,2008,715,44.92002116,33.6360635,,,,91,251,40,44.22056176,5563340,18.29480563,6619980
117,USA,2009,715,44.7062669,33.69273522,,,,91,251,40,44.22056176,5159550,16.81886848,6194450
118,USA,2010,715,44.49251264,33.74940694,,,,91,251,40,38.21303236,5392870,17.43419587,6442580
119,USA,2011,715,44.27875838,33.77947006,,,,91,251,40,46.68619853,5172100,16.59940374,6214430
120,USA,2012,715,44.06499907,33.80953318,,,15.22492707,91,251,40,28.65808101,4950210,15.77114462,5968740
121,USA,2013,715,44.12468215,33.8395963,,,,91,251,40,20.84055734,5089500,16.10295784,6108670
122,USA,2014,715,44.18436018,33.86965942,,,,91,251,40,11.73129721,5102580,16.02637907,6129040
123,USA,2015,715,44.24402728,33.89972254,,,,91,251,40,8.465306507,4982790,15.53534211,6003650
124,USA,2016,715,44.30370531,33.89972254,26.32619972,12.97,,91,251,40,3.334435592,4888640,15.13174682,5907270
125,USA,2017,715,44.36336735,33.86692641,26.3280836,12.99387202,15.7699117,91,251,40,3.34317037,4813720,14.80588242,5842800
126,USA,2018,715,44.36336735,33.86692641,26.3280836,12.99387202,,91,251,40,3.34317037,4981300,15.24087458,6023620
127,USA,2019,715,44.36336735,33.86692641,,,,91,251,40,3.34317037,4981300,15.24087458,6023620
128,USA,2020,715,44.36336735,33.86692641,,,,91,251,40,3.34317037,4981300,15.24087458,6023620
129,YEM,2005,167,44.55366782,1.039831809,,,,16,40,11,100,19380,0.9638234968,29330
130,YEM,2006,167,44.75064871,1.039831809,,,,16,40,11,100,19410,0.9382410219,29680
131,YEM,2007,167,44.75064871,1.039831809,,,169.7619048,16,40,11,100,20630,0.9693403702,31410
132,YEM,2008,167,44.54230354,1.039831809,,,,16,40,11,100,22010,1.005383254,33060
133,YEM,2009,167,44.41919048,1.039831809,,,,16,40,11,100,25650,1.139166434,36970
134,YEM,2010,167,44.65973445,1.039831809,,,,16,40,11,100,23990,1.036067859,35610
135,YEM,2011,167,44.41919048,1.039831809,,,,16,40,11,100,20690,0.8690507303,32390
136,YEM,2012,167,44.51199879,1.039831809,,,169.7619048,16,40,11,100,19680,0.8041457308,31470
137,YEM,2013,167,44.50821069,1.039831809,,,,16,40,11,100,26350,1.047834042,38350
138,YEM,2014,167,44.41843287,1.039831809,,,,16,40,11,100,26710,1.034329677,38810
139,YEM,2015,167,44.38244597,1.039831809,,,,16,40,11,100,14210,0.5362692964,26050
140,YEM,2016,167,44.29380457,1.039831809,0.6058053122,0.77,,16,40,11,100,10880,0.400468047,22740
141,YEM,2017,167,44.29740326,1.039831809,0.605801444,0.7719439802,169.7619048,16,40,11,100,10060,0.3614179381,21970
142,YEM,2018,167,44.29740326,1.039831809,0.605801444,0.7719439802,,16,40,11,100,9310,0.3266817628,21760
143,YEM,2019,167,44.29740326,1.039831809,,,,16,40,11,100,9310,0.3266817628,21760
144,YEM,2020,167,44.29740326,1.039831809,,,,16,40,11,100,9310,0.3266817628,21760
