economy_key,country_code,yr,imports_goods_and_services_usd,exports_goods_and_services_usd,female_unemployment_percentage,male_unemployment_percentage,total_unemployment_percentage,income_share_held_by_highest_10_percent,income_share_held_by_highest_20_percent,income_share_held_by_lowest_10_percent,income_share_held_by_lowest_20_percent,income_share_held_by_second_20_percent,income_share_held_by_third_20_percent,income_share_held_by_fourth_20_percent,labor_force_female_percentage,consumer_price_index,consumer_price_inflation_percentage,labor_force_total
1,CAN,2005,385175466963,430853577576,6.46600008,7.017000198,6.760000229,26,41.2,2.7,7.2,12.3,16.6,22.6,46.63737609,91.85031483,2.213552034,17821886
2,CAN,2006,429675753357,464880113740,6.092000008,6.521999836,6.320000172,26,41.2,2.7,7.2,12.3,16.6,22.6,46.8751721,93.68918145,2.002025395,18030705
3,CAN,2007,471043058532,501654730157,5.652999878,6.383999825,6.039999962,26,41.2,2.7,7.2,12.3,16.6,22.6,47.0367127,95.69261591,2.138383993,18379605
4,CAN,2008,507575472096,535719719575,5.65199995,6.572000027,6.139999866,26,41.2,2.7,7.2,12.3,16.6,22.6,46.97475419,97.96078993,2.370270674,18667574
5,CAN,2009,412436230446,392141630610,7.005000114,9.532999992,8.340000153,26,41.2,2.7,7.2,12.3,16.6,22.6,47.20037683,98.25414997,0.299466803,18799155
6,CAN,2010,500163006071,469288008081,7.243000031,8.793999672,8.06000042,25.7,40.9,2.7,7.2,12.4,16.8,22.7,47.31051354,100,1.776871541,19001081
7,CAN,2011,568459622008,546776957186,7.008999825,7.959000111,7.510000229,25.7,40.9,2.7,7.2,12.4,16.8,22.7,47.26751603,102.9121351,2.912135089,19147395
8,CAN,2012,589479800293,554961465411,6.816999912,7.71600008,7.289999962,25.2,40.6,2.5,6.9,12.4,17.1,23.1,47.39299543,104.4719519,1.515678231,19322866
9,CAN,2013,589064606422,560082523492,6.597000122,7.497000217,7.070000172,25.1,40.6,2.4,6.7,12.4,17,23.3,47.46647388,105.4522038,0.9382918978,19546552
10,CAN,2014,589626505395,573305506396,6.388999939,7.377999783,6.909999847,25.2,40.4,2.6,7.1,12.5,17,22.9,47.32607559,107.4627934,1.906635907,19629145
11,CAN,2015,534721035459,496137259588,6.291999817,7.461999893,6.909999847,25.5,40.8,2.5,6.9,12.4,16.9,23,47.17306195,108.6720092,1.125241361,19747709
12,CAN,2016,517857545754,481615868845,6.241000175,7.681000233,7,25,40.2,2.8,7.3,12.6,17.1,22.9,47.30072881,110.2246709,1.428759547,19955331
13,CAN,2017,555101866455,518864192860,5.850999832,6.781000137,6.340000153,25.3,40.6,2.7,7.1,12.4,17,22.9,47.40507966,111.9848311,1.596884129,20218270
14,CAN,2018,591388920187,557656145916,5.488999844,6.138999939,5.829999924,25.3,40.6,2.7,7.1,12.4,17,22.9,47.50117139,114.5248998,2.268225672,20396697
15,CAN,2019,589036825522,561630247563,5.25,6.03000021,5.659999847,25.3,40.6,2.7,7.1,12.4,17,22.9,47.38180361,116.7572982,1.949269024,20788261
16,CAN,2020,517964419600,484226230456,9.38599968,9.526000023,9.460000038,25.3,40.6,2.7,7.1,12.4,17,22.9,47.09236951,117.5944476,0.7169996323,20492683
17,HND,2005,5397708193,3671862126,6.43900013,4.107999802,4.909999847,46.1,62.9,0.5,1.9,5.6,10.6,19,34.4202339,71.9821388,8.809060748,2732602
18,HND,2006,6254756760,3937323133,4.421000004,3.15199995,3.569999933,44,60.8,0.6,2.1,6,11.3,19.8,32.93858947,75.99712404,5.577752077,2740849
19,HND,2007,7776419453,4384225824,4.330999851,2.661000013,3.210000038,43.1,60,0.9,2.8,6.5,11.2,19.5,32.86689899,81.26844774,6.936214709,2786673
20,HND,2008,9447709819,4865217970,3.874000072,2.79399991,3.160000086,43,59.2,0.9,2.7,6.7,11.7,19.7,33.86770312,90.53583592,11.40342708,2905042
21,HND,2009,6809615125,4246434697,4.296000004,2.763000011,3.289999962,38.4,55.4,1.1,3.3,7.5,12.8,21,34.38937635,95.51199576,5.496342738,3059061
22,HND,2010,7775195685,4939311177,5.447999954,3.400000095,4.119999886,40.2,57.1,1.1,3.1,7.1,12,20.6,35.16682088,100,4.69889065,3214166
23,HND,2011,9803831686,6231512975,6.381999969,3.489000082,4.46999979,39.7,56.7,1,3,7.3,12.4,20.6,33.89716188,106.7622796,6.762279573,3197958
24,HND,2012,10269854064,6666909899,5.168000221,3.038000107,3.75,40.4,57.4,1,3,7,12.1,20.5,33.43682655,112.3098464,5.196186155,3225010
25,HND,2013,10073657524,6258866155,7.544000149,4.618000031,5.650000095,37,54.3,1.2,3.5,7.8,13,21.5,35.27679554,118.1071672,5.161898986,3568374
26,HND,2014,10168321016,6764171001,9.380000114,5.760000229,7.079999924,37.4,54.5,1.3,3.7,7.7,13.1,21,36.47693034,125.3462499,6.129249303,3764382
27,HND,2015,10325346268,6931268547,8.954999924,4.507999897,6.150000095,36.6,53.8,1.3,3.7,7.9,13.2,21.5,36.91442306,129.3044729,3.15783118,3870926
28,HND,2016,9907188434,6729454043,9.029999733,5.388999939,6.730000019,36,53.9,1,3.2,7.7,13.3,21.9,36.82571783,132.8275184,2.724612233,3933053
29,HND,2017,10853329867,7325056706,8.015999794,4.125999928,5.53000021,36.6,53.8,1.2,3.4,8,13.3,21.5,36.09875956,138.0534322,3.934360844,4105648
30,HND,2018,12066385190,7186375109,7.243000031,4.666999817,5.650000095,35.3,53.1,1.1,3.4,8,13.5,22.1,38.15508496,144.0550973,4.347349378,4351344
31,HND,2019,11820967270,7231589019,8.215000153,4.301000118,5.699999809,34.7,52.2,1.2,3.6,8,13.7,22.5,35.74159386,150.3443578,4.365871598,4238924
32,HND,2020,9945843957,6252742292,11.44999981,6.708000183,8.373000145,34.7,52.2,1.2,3.6,8,13.7,22.5,35.11152666,155.5589192,3.46841178,4089919
33,HTI,2005,1852880000,605080000,16.37999916,12.65299988,14.41600037,,,,,,,,47.30360522,69.47091778,13.97300833,3629068
34,HTI,2006,2141560000,689110000,17.79899979,13.79399967,15.69099998,,,,,,,,47.36845913,77.35254292,11.34521522,3732148
35,HTI,2007,2384450000,779190000,19.04199982,14.77700043,16.79999924,,,,,,,,47.43656739,82.42472531,6.557227726,3836867
36,HTI,2008,2853773921,917195653,18.72999954,14.16899967,16.33600044,,,,,,,,47.50574982,95.02068595,15.28177448,3943169
37,HTI,2009,2804218327,1034006545,18.18899918,13.35900021,15.65699959,,,,,,,,47.57464409,95.39495917,0.3938860402,4051158
38,HTI,2010,4287321211,1016384389,18.08699989,12.91499996,15.37899971,,,,,,,,47.64075976,100,4.827341901,4160937
39,HTI,2011,4433439694,1311690271,17.3409996,11.94099998,14.52799988,,,,,,,,47.91289372,106.3327948,6.332794838,4257833
40,HTI,2012,4195349025,1327839725,17.07299995,11.34899998,14.10000038,31.2,47.1,2.1,5.5,10.3,15.2,21.9,48.05893764,111.6686187,5.018041554,4349886
41,HTI,2013,4442565272,1566906102,16.91799927,11.26900005,13.99600029,,,,,,,,48.27618006,116.9896552,4.765024048,4446085
42,HTI,2014,4753306026,1662116686,16.83499908,11.24300003,13.95100021,,,,,,,,48.4202807,121.0119545,3.4381666,4539509
43,HTI,2015,4490955198,1747794245,16.8220005,11.26900005,13.96199989,,,,,,,,48.4875191,129.1582865,6.731840697,4629513
44,HTI,2016,4196487292,1617548695,16.75600052,11.25399971,13.92500019,,,,,,,,48.5476752,144.0152445,11.50290739,4718848
45,HTI,2017,4676888727,1526631857,16.6779995,11.22799969,13.87699986,,,,,,,,48.59860728,159.3962004,10.68008872,4807860
46,HTI,2018,5670990521,1778380970,16.63500023,11.22900009,13.85999966,,,,,,,,48.66808625,179.2910955,12.48141112,4898140
47,HTI,2019,5214843331,1729699790,16.68099976,11.29800034,13.91499996,,,,,,,,48.61422502,212.8253122,18.70378257,4982122
48,HTI,2020,5214843331,1729699790,18.40699959,12.71700001,15.45100021,,,,,,,,48.03843034,261.341633,22.79631136,4955980
49,LBY,2005,13523000000,29383000000,25.53899956,16.27499962,19.39299965,,,,,,,,33.65405599,79.80206612,2.650205761,1938331
50,LBY,2006,15783000000,37962000000,25.5340004,16.27199936,19.41300011,,,,,,,,33.91194384,80.96659274,1.459268762,1980895
51,LBY,2007,20325500000,47037500000,25.4640007,16.21800041,19.375,,,,,,,,34.14522705,86.0278046,6.25098783,2020092
52,LBY,2008,26002500000,62157800000,25.44199944,16.20100021,19.375,,,,,,,,34.35446204,94.94091221,10.3607289,2055340
53,LBY,2009,27065000000,37440000000,25.41799927,16.18099976,19.37299919,,,,,,,,34.5526308,97.27636395,2.459900256,2086174
54,LBY,2010,30686400000,49345100000,25.27499962,16.06999969,19.26799965,,,,,,,,34.74378661,100,2.799895001,2112536
55,LBY,2011,15586400000,19100200000,25.40099907,16.16600037,19.38699913,,,,,,,,34.87603741,115.5184815,15.51848153,2127174
56,LBY,2012,32585900000,61178300000,24.97100067,15.82999992,19.03000069,,,,,,,,35.00836189,122.518675,6.059803922,2137675
57,LBY,2013,42521000000,46197800000,25.44799995,16.20700073,19.45400047,,,,,,,,35.13643444,125.7112887,2.605818027,2146672
58,LBY,2014,37874800000,19379200000,25.44099998,16.20800018,19.46299934,,,,,,,,35.2505719,125.7112887,2.605818027,2157704
59,LBY,2015,21086900000,11344000000,25.50699997,16.26399994,19.53100014,,,,,,,,35.3457208,125.7112887,2.605818027,2173488
60,LBY,2016,11550000000,6849600000,25.48800087,16.25499916,19.52799988,,,,,,,,35.4483826,125.7112887,2.605818027,2201903
61,LBY,2017,15114600000,18971600000,25.29100037,16.10700035,19.37100029,,,,,,,,35.54590549,125.7112887,2.605818027,2236944
62,LBY,2018,18848800000,29964100000,25.37400055,16.17700005,19.45499992,,,,,,,,35.63900976,125.7112887,2.605818027,2276671
63,LBY,2019,24499900000,27900600000,25.59300041,16.35300064,19.65500069,,,,,,,,35.73929665,125.7112887,2.605818027,2318129
64,LBY,2020,24499900000,27900600000,26.06200027,16.72800064,20.06599998,,,,,,,,35.76117313,125.7112887,2.605818027,2337057
65,MEX,2005,245099525081,230368761650,3.90899992,3.368000031,3.559999943,39.6,55.2,1.4,4,8.3,12.7,19.7,35.53124552,80.50282534,3.988057146,42869547
66,MEX,2006,280341916251,266331423790,3.890000105,3.388999939,3.569999933,38.9,54.6,1.6,4.5,8.5,12.8,19.6,36.08433161,83.42464932,3.629467624,44352857
67,MEX,2007,308068282468,289829165123,4,3.41899991,3.630000114,38.9,54.6,1.6,4.5,8.5,12.8,19.6,36.37416581,86.73397923,3.966849055,45304973
68,MEX,2008,336003503050,309858744495,4.028999805,3.779000044,3.869999886,39.1,55,1.4,4.1,8.3,12.7,20,36.36195018,91.1790807,5.124982746,46199021
69,MEX,2009,260008210474,245084678291,5.354000092,5.363999844,5.360000134,39.1,55,1.4,4.1,8.3,12.7,20,36.87874881,96.00916106,5.297355842,47176107
70,MEX,2010,328708205577,314349102893,5.179999828,5.369999886,5.300000191,37.1,52.9,1.6,4.7,9,13.2,20.3,36.82106365,100,4.156727227,47982609
71,MEX,2011,382622641509,365827171365,5.131999969,5.191999912,5.170000076,37.1,52.9,1.6,4.7,9,13.2,20.3,37.0622565,103.4073782,3.407378246,49035908
72,MEX,2012,402449635621,387834609517,4.883999825,4.894000053,4.889999866,38.9,54.5,1.6,4.5,8.6,12.8,19.6,37.50917935,107.6589827,4.111509811,50512846
73,MEX,2013,413790144221,398822706747,4.953999996,4.883999825,4.909999847,38.9,54.5,1.6,4.5,8.6,12.8,19.6,37.62525005,111.7569043,3.806390697,51318641
74,MEX,2014,434920738471,418833756346,4.84800005,4.788000107,4.809999943,39.5,54.7,1.7,4.7,8.7,12.7,19.2,37.25366204,116.2479852,4.018616081,51780845
75,MEX,2015,428277106206,403885790871,4.447000027,4.228000164,4.309999943,39.5,54.7,1.7,4.7,8.7,12.7,19.2,37.49982222,119.4106751,2.72064065,52732562
76,MEX,2016,420569043251,398529786258,3.910000086,3.829999924,3.859999895,36.9,52.4,1.9,5.1,9.2,13.3,20,37.60167967,122.7800955,2.821707847,53507498
77,MEX,2017,458141716926,437397182424,3.601999998,3.312000036,3.420000076,36.9,52.4,1.9,5.1,9.2,13.3,20,37.3923288,130.1978025,6.04145724,54096291
78,MEX,2018,505342620788,480095808290,3.428999901,3.188999891,3.279999971,36.4,51.7,2,5.4,9.5,13.5,20,37.71694562,136.5766487,4.899350154,55190039
79,MEX,2019,495748405358,492634587892,3.51699996,3.457000017,3.480000019,36.4,51.7,2,5.4,9.5,13.5,20,38.43918557,141.542523,3.635961421,56596004
80,MEX,2020,411254557587,434178936971,4.097000122,4.666999817,4.449999809,36.4,51.7,2,5.4,9.5,13.5,20,38.11371726,146.3504877,3.396834156,53080123
81,NIC,2005,2852800000,1411130000,5.797999859,5.15500021,5.369999886,39.6,54.6,1.9,4.8,8.5,12.8,19.3,33.45525773,62.92918073,9.599099861,2147779
82,NIC,2006,3785100000,2112700000,4.954999924,5.493000031,5.309999943,39.6,54.6,1.9,4.8,8.5,12.8,19.3,33.99221012,68.6810335,9.140199668,2211845
83,NIC,2007,4459700000,2453600000,5.046999931,4.80700016,4.889999866,39.6,54.6,1.9,4.8,8.5,12.8,19.3,34.53295015,76.32312728,11.12693474,2276727
84,NIC,2008,5296400000,2930100000,6.988999844,5.774000168,6.199999809,39.6,54.6,1.9,4.8,8.5,12.8,19.3,35.07208122,91.45510553,19.82620313,2342011
85,NIC,2009,4397100000,2827100000,9.145999908,7.614999771,8.159999847,34.2,49.9,2,5.3,9.6,14.1,21,35.60580346,94.82705674,3.687001605,2406911
86,NIC,2010,5238700000,3545000000,8.782999992,7.290999889,7.829999924,34.2,49.9,2,5.3,9.6,14.1,21,36.13007975,100,5.455134259,2471038
87,NIC,2011,6527400000,4402600000,7.272999763,6.046999931,6.495999813,34.2,49.9,2,5.3,9.6,14.1,21,36.64204374,108.082388,8.082387981,2535983
88,NIC,2012,7128600000,4999800000,5.815999985,4.852000237,5.210000038,34.2,49.9,2,5.3,9.6,14.1,21,37.14375036,115.8573492,7.193550533,2600564
89,NIC,2013,7206100000,4990900000,5.473999977,5.163000107,5.28000021,34.2,49.9,2,5.3,9.6,14.1,21,37.63686397,124.1243131,7.135467853,2664781
90,NIC,2014,7325500000,5369700000,5.616000175,3.844000101,4.519999981,37.2,52,2,5.1,9.2,13.7,20,38.12580645,131.6164177,6.035968618,2728779
91,NIC,2015,7411800000,5126800000,5.446000099,4.236000061,4.699999809,37.2,52,2,5.1,9.2,13.7,20,38.36222161,136.877626,3.997379967,2784174
92,NIC,2016,7293700000,5188700000,4.275000095,3.664000034,3.900000095,37.2,52,2,5.1,9.2,13.7,20,38.57372213,141.7000618,3.523173176,2840877
93,NIC,2017,7579600000,5737100000,3.487999916,3.180999994,3.299999952,37.2,52,2,5.1,9.2,13.7,20,38.76750863,147.1564659,3.850671663,2897643
94,NIC,2018,6754200000,5561000000,5.261000156,5.162000179,5.199999809,37.2,52,2,5.1,9.2,13.7,20,38.52855026,154.4366455,4.94723728,2939781
95,NIC,2019,6251500000,5714100000,5.296999931,5.157999992,5.210999966,37.2,52,2,5.1,9.2,13.7,20,38.28683805,162.7396072,5.376289908,2981808
96,NIC,2020,5938200000,5339100000,6.171000004,6.020999908,6.078000069,37.2,52,2,5.1,9.2,13.7,20,37.92461367,168.7313759,3.681813416,2948386
97,SYR,2005,11101000000,11512000000,22.46100044,6.001999855,8.852999687,,,,,,,,17.31816416,70.33436959,7.240349393,5187715
98,SYR,2006,11879000000,13168800000,23.34700012,5.18599987,8.170000076,,,,,,,,16.43056617,77.38476454,10.02411054,5344405
99,SYR,2007,15289304545,15617016197,25.61199951,5.196000099,8.420000076,,,,,,,,15.79121252,80.40873634,3.907709504,5411972
100,SYR,2008,19278402810,19749315151,24.10400009,8.319999695,10.93999958,,,,,,,,16.5976029,93.06935338,15.74532522,5650334
101,SYR,2009,16666777156,15681906880,22.05699921,5.630000114,8.140000343,,,,,,,,15.27798631,95.78781344,2.920897118,5647904
102,SYR,2010,19408796114,19605790973,21.97200012,6.222000122,8.609999657,,,,,,,,15.16110992,100,4.397413832,5711132
103,SYR,2011,19408796114,19605790973,21.21500015,6.099999905,8.69699955,,,,,,,,17.18670125,104.7531639,4.753163889,5780545
104,SYR,2012,19408796114,19605790973,21.22699928,6.199999809,8.807999611,,,,,,,,17.36037844,143.1999795,36.70229534,5687929
105,SYR,2013,19408796114,19605790973,21.04100037,6.222000122,8.826000214,,,,,,,,17.57081267,143.1999795,36.70229534,5550984
106,SYR,2014,19408796114,19605790973,20.61599922,6.145999908,8.720999718,,,,,,,,17.79483954,143.1999795,36.70229534,5407933
107,SYR,2015,19408796114,19605790973,20.3939991,6.146999836,8.711999893,,,,,,,,18.00110149,143.1999795,36.70229534,5287382
108,SYR,2016,19408796114,19605790973,20.22800064,6.168000221,8.725000381,,,,,,,,18.18598682,143.1999795,36.70229534,5194637
109,SYR,2017,19408796114,19605790973,20.10000038,6.201000214,8.751999855,,,,,,,,18.35061123,143.1999795,36.70229534,5132859
110,SYR,2018,19408796114,19605790973,19.93700027,6.217999935,8.755000114,,,,,,,,18.49384803,143.1999795,36.70229534,5124131
111,SYR,2019,19408796114,19605790973,19.80900002,6.245999813,8.772999763,,,,,,,,18.62895209,143.1999795,36.70229534,5194844
112,SYR,2020,19408796114,19605790973,22.26600075,7.584000111,10.25699997,,,,,,,,18.20753157,143.1999795,36.70229534,5170635
113,USA,2005,2008043000000,1291506000000,5.096000195,5.065999985,5.079999924,30.8,46.5,1.8,5.3,10.5,15.4,22.3,45.88541943,89.56053237,3.392746845,151976098
114,USA,2006,2227524000000,1463991000000,4.625,4.614999771,4.619999886,31.2,46.9,1.7,5.2,10.4,15.4,22.2,45.86670406,92.44970508,3.225944101,153855509
115,USA,2007,2371811000000,1660811000000,4.495999813,4.724999905,4.619999886,30.4,46.3,1.7,5.2,10.5,15.5,22.4,45.90911393,95.08699238,2.852672482,155224880
116,USA,2008,2561936000000,1849584000000,5.414000034,6.092999935,5.78000021,30.3,46.2,1.7,5.2,10.5,15.5,22.5,46.05633577,98.73747739,3.839100297,156907793
117,USA,2009,1987567000000,1592788000000,8.059000015,10.27600002,9.25,30.4,46.2,1.8,5.4,10.5,15.5,22.4,46.27445911,98.38641997,-0.3555462663,157079943
118,USA,2010,2375402000000,1872324000000,8.609999657,10.50800037,9.630000114,29.3,45.5,1.8,5.3,10.6,15.7,22.9,46.27768454,100,1.640043442,157111093
119,USA,2011,2698073000000,2143556000000,8.461000443,9.37100029,8.949999809,30.2,46.4,1.8,5.2,10.3,15.4,22.6,46.26629636,103.1568416,3.156841569,157163170
120,USA,2012,2773360000000,2247453000000,7.887000084,8.227000237,8.069999695,30.2,46.4,1.8,5.2,10.3,15.4,22.6,46.1698979,105.2915045,2.069337265,157841889
121,USA,2013,2759981000000,2313124000000,7.068999767,7.627999783,7.369999886,30,46.2,1.8,5.3,10.4,15.4,22.6,46.08764735,106.8338489,1.464832656,158252925
122,USA,2014,2876564000000,2392613000000,6.061999798,6.262000084,6.170000076,30.6,47.2,1.7,5.2,10.2,15,22.4,46.14571941,108.5669321,1.622222977,158910317
123,USA,2015,2771466000000,2280047000000,5.177999973,5.367000103,5.28000021,30.5,46.9,1.8,5.3,10.3,15.1,22.4,46.05790055,108.695722,0.1186271356,159912569
124,USA,2016,2719814000000,2238336000000,4.789000034,4.93900013,4.869999886,30.4,46.7,1.8,5.2,10.3,15.3,22.5,46.04152378,110.0670089,1.261583206,161836238
125,USA,2017,2903514000000,2390779000000,4.311999798,4.40199995,4.360000134,30.3,46.6,1.7,5.2,10.2,15.3,22.7,46.17612365,112.4115573,2.130110004,163395307
126,USA,2018,3119589000000,2538633000000,3.84100008,3.950999975,3.900000095,30.8,46.9,1.7,5.2,10.3,15.3,22.4,46.19075536,115.1573032,2.442583297,164634753
127,USA,2019,3104708000000,2528370000000,3.611000061,3.720999956,3.670000076,30.8,46.9,1.7,5.2,10.3,15.3,22.4,46.29959035,117.2441955,1.812210075,166355636
128,USA,2020,2811124000000,2134445000000,8.345000267,7.796000004,8.050000191,30.8,46.9,1.7,5.2,10.3,15.3,22.4,46.29551159,118.6905016,1.233584396,163738061
129,YEM,2005,5954339149,6785266096,14.42300034,11.73700047,12.20600033,28.6,43.2,3.3,7.9,12,15.9,21.1,17.44375598,59.96574822,11.81126394,4552351
130,YEM,2006,7781170000,7865230000,15.55200005,11.73700047,12.36600018,28.6,43.2,3.3,7.9,12,15.9,21.1,16.47624017,66.4689129,10.84479869,4665142
131,YEM,2007,9357380000,7773340000,16.68000031,11.72399998,12.49400043,28.6,43.2,3.3,7.9,12,15.9,21.1,15.54051146,71.72335875,7.90511779,4786966
132,YEM,2008,11681460000,10182270000,17.83600044,11.72599983,12.62100029,28.6,43.2,3.3,7.9,12,15.9,21.1,14.63753651,85.33376795,18.97625743,4912343
133,YEM,2009,9988428766,7118205326,19.02599907,11.74699974,12.7489996,28.6,43.2,3.3,7.9,12,15.9,21.1,13.77037788,89.94841416,5.407760981,5033522
134,YEM,2010,10629016000,9270503495,20.19599915,11.73700047,12.83100033,28.6,43.2,3.3,7.9,12,15.9,21.1,12.94140096,100,11.17483386,5146313
135,YEM,2011,10707806010,10384043196,21.87700081,12.09200001,13.23499966,28.6,43.2,3.3,7.9,12,15.9,21.1,11.67644643,119.5435617,19.54356171,5248763
136,YEM,2012,13695835701,9385475847,23.02700043,12.00899982,13.16699982,28.6,43.2,3.3,7.9,12,15.9,21.1,10.50952243,131.3609056,9.885387145,5343592
137,YEM,2013,13028171545,9567265398,24.44400024,12.10400009,13.26799965,28.6,43.2,3.3,7.9,12,15.9,21.1,9.434981422,145.7691505,10.96844215,5431786
138,YEM,2014,15243562871,9430397528,26.06100082,12.30700016,13.47000027,29.4,44.7,3,7.3,11.5,15.3,21.2,8.453624282,157.5833405,8.104725836,5516486
139,YEM,2015,7697439204,1867305764,26.4260006,12.61999989,13.77000046,29.4,44.7,3,7.3,11.5,15.3,21.2,8.332548926,157.5833405,8.104725836,5747437
140,YEM,2016,8256109282,93846858024,25.85000038,12.31099987,13.43299961,29.4,44.7,3,7.3,11.5,15.3,21.2,8.283120947,157.5833405,8.104725836,5955038
141,YEM,2017,8256109282,93846858024,25.56399918,12.19299984,13.29699993,29.4,44.7,3,7.3,11.5,15.3,21.2,8.257285423,157.5833405,8.104725836,6163987
142,YEM,2018,8256109282,93846858024,25.24900055,12.05599976,13.14500046,29.4,44.7,3,7.3,11.5,15.3,21.2,8.259236508,157.5833405,8.104725836,6371618
143,YEM,2019,8256109282,93846858024,25.02700043,11.97700024,13.05599976,29.4,44.7,3,7.3,11.5,15.3,21.2,8.267545079,157.5833405,8.104725836,6580962
144,YEM,2020,8256109282,93846858024,25.49399948,12.30000019,13.39099979,29.4,44.7,3,7.3,11.5,15.3,21.2,8.270223529,157.5833405,8.104725836,6709734
