education_key,country_code,yr,public_spending_education_percentage_of_gdp,literacy_rate_adult_female_percentage,literacy_rate_adult_male_percentage,literacy_rate_adult_total_percentage,literacy_rate_youth_total_percentage,literacy_rate_youth_male_percentage,primary_education_completed_percentage,school_enrollment_primary_percentage_gross,school_enrollment_primary_percentage_net,school_enrollment_primary_percentage_female_gross,school_enrollment_primary_percentage_female_net,school_enrollment_primary_percentage_male_gross,school_enrollment_primary_percentage_male_net,school_enrollment_secondary_percentage_gross,school_enrollment_secondary_percentage_net,school_enrollment_secondary_percentage_female_gross,school_enrollment_secondary_percentage_female_net,school_enrollment_secondary_percentage_male_gross,school_enrollment_secondary_percentage_male_net,school_enrollment_tertiary_percentage_gross,school_enrollment_tertiary_percentage_female_gross
38,HTI,2010,1.794460058,44.59944916,53.35504913,48.68502045,72.34671783,74.36740875,,,,,,,,,,,,,,,
1,CAN,2005,4.765880108,,,,,,,97.36457062,99.45167,96.93871307,,97.77118683,,101.3911896,92.14326,100.2343826,91.93075,102.4870605,92.3454,63.60005951,73.95900726
2,CAN,2006,4.765880108,,,,,,,98.88063049,99.45167,98.50982666,,99.23444366,,101.7282486,92.14326,100.6695023,91.93075,102.7323608,92.3454,63.60005951,73.95900726
3,CAN,2007,4.766409874,,,,,,,98.96647644,99.45167,98.72110748,,99.20018768,,101.9034882,92.14326,100.7483673,91.93075,103.0018997,92.3454,63.60005951,73.95900726
4,CAN,2008,4.62612009,,,,,,,98.01331329,99.45167,97.92086029,,98.10118103,,102.3444366,92.14326,101.104248,91.93075,103.5259323,92.3454,63.76739883,74.44554138
5,CAN,2009,4.840579987,,,,,,,99.00879669,99.45167,99.08512878,,98.93639374,,102.7344437,92.14326,101.5036087,91.93075,103.9080811,92.3454,63.0657692,73.92633057
6,CAN,2010,5.356369972,,,,,,,98.64160156,99.45167,98.90505981,,98.39224243,,102.3984833,92.14326,101.1566925,91.93075,103.5829773,92.3454,61.65584946,71.8228302
7,CAN,2011,5.262050152,,,,,,,98.1893692,99.45167,98.54882813,,97.84992981,,103.3489609,92.14326,102.2668762,91.93075,104.3807678,92.3454,63.46731949,73.63205719
8,CAN,2012,5.262050152,,,,,,,99.51828003,99.45167,100.0669785,,99.0009079,,109.9874878,92.14326,109.8560715,91.93075,110.1125031,92.3454,63.98077011,73.58981323
9,CAN,2013,5.262050152,,,,,,,100.3407135,99.43231,100.9137268,,99.80014801,,109.4859924,91.46145,109.6153183,91.36203,109.363327,91.55575,65.33229828,74.91763306
10,CAN,2014,5.262050152,,,,,,,101.5366592,99.39113,102.1586838,,100.9486923,,109.3330994,90.95273,109.6512222,90.68651,109.0323029,91.20447,65.61290741,75.26596069
11,CAN,2015,5.262050152,,,,,,,102.4850769,99.58907,102.907959,,102.0841522,,110.3565292,92.4135,110.8576202,92.51468,109.8839493,92.31806,64.78695679,74.48036957
12,CAN,2016,5.262050152,,,,,,,101.0238724,99.95587,101.0684662,,100.9814529,,112.5142822,99.32178,113.3864594,99.69423,111.6930923,98.97111,66.43917847,76.38455963
13,CAN,2017,5.262050152,,,,,,,100.9436798,99.8825,100.8191376,,101.062439,,113.7628632,99.80968,114.5206375,100,113.0466766,99.62981,68.92250824,79.29238892
14,CAN,2018,5.262050152,,,,,,,101.501091,99.8825,101.2753983,,101.7166214,,114.1235123,99.80968,114.7476807,100,113.5315323,38.68698,70.11302185,80.57795715
15,CAN,2019,5.262050152,,,,,,,100.9897537,99.8825,100.6940231,,101.2723236,,114.3332672,99.80968,114.8205338,100,113.869751,38.68698,75.69882202,86.50887299
16,CAN,2020,5.262050152,,,,,,,100.9897537,99.8825,100.6940231,,101.2723236,,114.3332672,99.80968,114.8205338,100,113.869751,38.68698,17.71153069,21.50639915
17,HND,2005,6.800000191,83.45276642,83.74603271,83.58898926,93.92430878,92.69525909,77.26660156,101.7492294,82.83074,101.7076035,83.78781,101.7894135,81.90699,58.28580093,42.20253,64.75836945,45.84987,52.00194931,38.68698,17.71153069,21.50639915
18,HND,2006,6.800000191,83.45276642,83.74603271,83.58898926,93.92430878,92.69525909,81.94036865,104.6900864,86.78015,104.5908279,87.67662,104.78582,85.91555,58.28580093,42.20253,64.75836945,45.84987,52.00194931,38.68698,17.71153069,21.50639915
19,HND,2007,6.800000191,83.45276642,83.74603271,83.58898926,93.92430878,92.69525909,81.94036865,99.84381866,81.51275,99.9548111,82.27979,99.73686981,80.77363,60.15356064,42.20253,67.17855072,45.84987,53.34230042,38.68698,17.71153069,21.50639915
20,HND,2008,6.800000191,83.45276642,83.74603271,83.58898926,93.92430878,92.69525909,79.56629181,100.9270477,84.95118,100.9067383,85.8893,100.9465866,84.04809,60.01845932,42.20253,67.42977905,45.84987,52.84140015,38.68698,17.71153069,21.50639915
21,HND,2009,6.800000191,83.45276642,83.74603271,83.58898926,93.92430878,92.69525909,81.09689331,99.79480743,84.14619,99.76764679,85.05423,99.82093048,83.27295,60.01845932,42.20253,67.42977905,45.84987,52.84140015,38.68698,19.51005936,20.94901085
22,HND,2010,6.800000191,84.72502899,84.78900909,84.75536346,95.15068817,94.44801331,84.94979095,100.6589508,84.76193,100.6844864,85.78627,100.634407,83.77779,65.83473969,42.20253,72.76747131,45.84987,59.13380051,38.68698,19.51005936,20.94901085
23,HND,2011,6.099999905,84.93026733,85.34127808,85.12329865,95.92500305,94.93154144,87.47505188,99.64569855,85.94403,99.54605103,86.65916,99.74134064,85.25759,65.23800659,42.20253,71.84446716,45.84987,58.85808182,38.68698,19.18580055,22.2928791
24,HND,2012,6.099999905,85.05148315,85.69619751,85.35555267,94.9809494,94.00283051,86.82106781,96.52674866,82.9426,96.34248352,83.6711,96.70353699,82.24368,63.8839798,42.20253,70.26397705,45.84987,57.72846985,38.68698,19.18580055,22.2928791
25,HND,2013,5.874929905,85.284729,85.66837311,85.4644165,95.06649017,93.85073853,80.90408325,93.85205078,79.47982,93.43670654,80.13631,94.25045776,78.85009,61.58757019,42.20253,67.66007996,45.84987,55.73447037,38.68698,19.64451981,22.83794022
26,HND,2014,7.090119839,87.02599335,87.39595032,87.19753265,95.67707062,95.04737091,77.19140625,91.94348907,79.18979,91.24582672,79.52522,92.61282349,78.86798,49.48023987,41.1479,53.53746033,44.46699,45.57154083,37.95032,19.92110062,23.06303978
27,HND,2015,6.412970066,87.89369965,87.92208099,87.90682983,96.00750732,94.99324799,77.19140625,92.7776413,77.96419,92.51112366,78.78149,93.03343964,77.17973,50.7145195,40.80784,55.36370087,44.33387,46.24034119,37.41452,20.39551926,23.62653923
28,HND,2016,5.159619808,88.93486023,89.04894257,88.98748016,96.12654114,94.94519043,80.47022247,92.58468628,79.58265,92.3704834,80.43124,92.79032898,78.76798,51.82078171,42.5185,55.9342804,45.81378,47.86553955,39.35001,20.92457962,24.3392601
29,HND,2017,4.937019825,88.93486023,89.04894257,88.98748016,96.12654114,94.94519043,81.62432861,91.53495789,80.09489,91.50588989,80.92844,91.56288147,79.29462,52.1789093,43.77822,55.85643005,46.71862,48.64522934,40.95284,24.34098053,28.12970924
30,HND,2018,6.056469917,87.26555634,87.13764191,87.20523834,96.51583862,94.89199066,81.62432861,91.53495789,80.09489,91.50588989,80.92844,91.56288147,79.29462,52.1789093,43.77822,55.85643005,46.71862,48.64522934,40.95284,26.16422081,30.28330994
31,HND,2019,4.912849903,88.73169708,88.24963379,88.50743103,96.08389282,94.84311676,79.45810699,91.45446777,80.09489,91.48806,80.92844,91.42223358,79.29462,66.24089813,43.77822,70.19013214,46.71862,62.4486618,40.95284,25.45789909,29.69753075
32,HND,2020,4.912849903,88.73169708,88.24963379,88.50743103,96.08389282,94.84311676,80.18205261,90.22942352,80.09489,90.57293701,80.92844,89.89998627,79.29462,58.73366165,43.77822,62.92749023,46.71862,54.7050705,40.95284,25.45789909,29.69753075
33,HTI,2005,1.794460058,44.59944916,53.35504913,48.68502045,72.34671783,74.36740875,,,,,,,,,,,,,,,
34,HTI,2006,1.794460058,44.59944916,53.35504913,48.68502045,72.34671783,74.36740875,,,,,,,,,,,,,,,
35,HTI,2007,1.794460058,44.59944916,53.35504913,48.68502045,72.34671783,74.36740875,,,,,,,,,,,,,,,
36,HTI,2008,1.794460058,44.59944916,53.35504913,48.68502045,72.34671783,74.36740875,,,,,,,,,,,,,,,
37,HTI,2009,1.794460058,44.59944916,53.35504913,48.68502045,72.34671783,74.36740875,,,,,,,,,,,,,,,
39,HTI,2011,1.794460058,44.59944916,53.35504913,48.68502045,72.34671783,74.36740875,,,,,,,,,,,,,,,
40,HTI,2012,1.794460058,44.59944916,53.35504913,48.68502045,72.34671783,74.36740875,,,,,,,,,,,,,,,
41,HTI,2013,1.794460058,44.59944916,53.35504913,48.68502045,72.34671783,74.36740875,,,,,,,,,,,,,,,
42,HTI,2014,1.794460058,44.59944916,53.35504913,48.68502045,72.34671783,74.36740875,,,,,,,,,,,,,,,
43,HTI,2015,1.854009986,44.59944916,53.35504913,48.68502045,72.34671783,74.36740875,,,,,,,,,,,,,,,
44,HTI,2016,1.422749996,58.30052185,65.27764893,61.69134903,82.99424744,83.35350037,,,,,,,,,,,,,,,
45,HTI,2017,1.591189981,58.30052185,65.27764893,61.69134903,82.99424744,83.35350037,,,,,,,,,,,,,,,
46,HTI,2018,1.682100058,58.30052185,65.27764893,61.69134903,82.99424744,83.35350037,,,,,,,,,,,,,,,
47,HTI,2019,1.682100058,58.30052185,65.27764893,61.69134903,82.99424744,83.35350037,,,,,,,,,,,,,,,
48,HTI,2020,1.682100058,58.30052185,65.27764893,61.69134903,82.99424744,83.35350037,,,,,,,,,,,,,,,
49,LBY,2005,,,,,,,,102.0930481,,101.456398,,102.6979828,,92.44603729,,100.7371597,,84.52026367,,,
50,LBY,2006,,,,,,,,109.0126877,,106.5964203,,111.3097382,,97.89672089,,105.986969,,90.16652679,,,
51,LBY,2007,,,,,,,,109.0126877,,106.5964203,,111.3097382,,97.89672089,,,,,,,
52,LBY,2008,,,,,,,,109.0126877,,106.5964203,,111.3097382,,97.89672089,,,,,,,
53,LBY,2009,,,,,,,,109.0126877,,106.5964203,,111.3097382,,97.89672089,,,,,,,
54,LBY,2010,,,,,,,,109.0126877,,106.5964203,,111.3097382,,97.89672089,,,,,,,
55,LBY,2011,,,,,,,,109.0126877,,106.5964203,,111.3097382,,97.89672089,,,,,,,
56,LBY,2012,,,,,,,,109.0126877,,106.5964203,,111.3097382,,97.89672089,,,,,,,
57,LBY,2013,,,,,,,,109.0126877,,106.5964203,,111.3097382,,97.89672089,,,,,,,
58,LBY,2014,,,,,,,,109.0126877,,106.5964203,,111.3097382,,97.89672089,,,,,,,
59,LBY,2015,,,,,,,,109.0126877,,106.5964203,,111.3097382,,97.89672089,,,,,,,
60,LBY,2016,,,,,,,,109.0126877,,106.5964203,,111.3097382,,97.89672089,,,,,,,
61,LBY,2017,,,,,,,,109.0126877,,106.5964203,,111.3097382,,97.89672089,,,,,,,
62,LBY,2018,,,,,,,,109.0126877,,106.5964203,,111.3097382,,97.89672089,,,,,,,
63,LBY,2019,,,,,,,,109.0126877,,106.5964203,,111.3097382,,97.89672089,,,,,,,
64,LBY,2020,,,,,,,,109.0126877,,106.5964203,,111.3097382,,97.89672089,,,,,,,
65,MEX,2005,4.845689774,90.21041107,93.1904068,91.63027191,97.63584137,97.64424896,100.5736389,108.6008377,97.87734,107.5982437,,109.5725479,,82.30407715,66.67768,84.03331757,67.17648,80.5658493,66.17629,24.21640015,23.92173958
66,MEX,2006,4.699920177,89.8345108,93.90119934,91.73451996,97.8956604,98.10611725,100.8881989,108.1747665,98.05008,107.0704193,,109.2462234,,84.08560181,67.83849,86.24868011,68.68108,81.9230423,66.99611,24.79043007,24.41291046
67,MEX,2007,4.690509796,91.35555267,94.44151306,92.79517365,98.15608978,98.19888306,101.9606934,108.7997131,98.0127,107.6687775,,109.8989563,,84.90705109,68.93457,87.52310181,70.21508,82.3140564,67.66535,25.42106056,25.04818916
68,MEX,2008,4.82006979,91.45361328,94.59216309,92.92559814,98.38230133,98.40971375,101.2903595,109.4244232,98.08626,108.3209534,,110.4972076,,86.42752838,69.60395,89.55883789,71.19059,83.34577179,68.04242,26.11203003,25.75688934
69,MEX,2009,5.187940121,92.11624908,94.91657257,93.44187927,98.5246582,98.67002869,99.8245163,110.5452805,98.23304,109.5611877,,111.5010605,,85.93801117,69.68225,89.39710999,71.4186,82.55104828,67.98211,26.58672905,26.28899956
70,MEX,2010,5.159220219,91.85341644,94.38394165,93.06893921,98.43451691,98.3755722,100.2393875,110.6334915,98.0771,109.8384171,,111.4043198,,87.0699234,70.08479,90.38813782,71.64942,83.83090973,68.55751,27.56347084,27.25700951
71,MEX,2011,5.105649948,92.33827972,94.78276825,93.51998138,98.4617691,98.41655731,100.1975327,110.5407562,97.98488,109.8900986,,111.1703186,,88.19017792,70.65515,91.30687714,72.06915,85.15087128,69.27626,28.34149933,28.03771973
72,MEX,2012,5.103099823,93.17923737,95.39163208,94.22840118,98.87541962,98.72036743,106.0110092,110.4134521,97.92299,109.9152985,,110.8946762,,90.66719818,71.82661,93.64716339,72.97666,87.75827789,70.70398,29.4718399,29.16374969
73,MEX,2013,4.696050167,92.90393829,95.11210632,93.96285248,98.5644989,98.52684021,109.4250412,109.4414825,97.57591,109.0077515,,109.8597488,,93.3275528,75.56968,95.947052,76.69695,90.76838684,74.46837,30.30003929,29.95729065
74,MEX,2014,5.257470131,93.59133911,95.62046814,94.55587769,99.00003815,98.92221069,110.5088425,108.0057526,96.79833,107.7004013,,108.2996826,,97.34338379,77.66257,100.0534668,78.65028,94.69579315,76.69764,31.0941391,30.83395004
75,MEX,2015,5.229420185,93.48549652,95.54933167,94.47228241,98.94470978,98.8735199,104.9098206,106.6061096,96.07343,106.4718628,,106.7350769,,100.8327408,80.02575,104.0937805,81.00084,97.6499176,79.07405,31.8190403,31.56361961
76,MEX,2016,4.90681982,93.96852112,95.84481812,94.85961914,99.11620331,99.02591705,103.9693909,106.2777328,95.69118,106.333168,,106.2245789,,102.4040604,81.22278,106.1494064,82.32134,98.75592041,80.15272,38.43338013,38.56782913
77,MEX,2017,4.518219948,94.16575623,95.87236786,94.97277832,99.12468719,99.08129883,104.0978394,105.7700119,95.30064,106.0346909,,105.516571,,104.3850327,81.15596,108.219902,82.50117,100.6593628,79.84907,40.22895813,40.62316895
78,MEX,2018,4.254429817,94.60804749,96.23290253,95.37991333,99.31845093,99.24864197,102.2558899,105.0280685,95.30064,105.3607101,,104.709877,,105.103363,81.15596,109.5876083,82.50117,100.7587128,79.84907,41.52280045,42.30899811
79,MEX,2019,4.254429817,94.60804749,96.23290253,95.37991333,99.31845093,99.24864197,102.465538,104.6558228,95.30064,105.1412582,,104.191803,,104.6472397,81.15596,109.5373993,82.50117,99.92178345,79.84907,42.83069992,43.99684906
80,MEX,2020,4.254429817,94.49513245,96.05874634,95.24784851,99.08241272,98.99363708,102.465538,104.6558228,95.30064,105.1412582,,104.191803,,104.6472397,81.15596,109.5373993,82.50117,99.92178345,79.84907,42.83069992,43.99684906
81,NIC,2005,4.484220028,77.91603851,78.09642792,78.00298309,87.00924683,85.15561676,79.23751068,119.4757538,92.4662,118.5865326,,120.3225784,,68.19142151,43.93625,73.47480011,47.36928,63.14094925,40.65456,,
82,NIC,2006,4.484220028,77.91603851,78.09642792,78.00298309,87.00924683,85.15561676,79.80110931,123.8070068,95.88051,122.9645462,96.58327,124.6078873,95.21245,69.01776886,45.4727,74.25308228,49.42487,64.01377106,41.69515,,
83,NIC,2007,4.484220028,77.91603851,78.09642792,78.00298309,87.00924683,85.15561676,80.65653992,123.147583,95.63359,122.584343,96.45125,123.6826019,94.85689,72.67133331,45.4727,78.03671265,49.42487,67.54531097,41.69515,,
84,NIC,2008,4.484220028,77.91603851,78.09642792,78.00298309,87.00924683,85.15561676,80.15252686,122.7713165,96.43234,122.1118011,97.19175,123.3974609,95.71136,71.76341248,45.4727,77.24073029,49.42487,66.53720856,41.69515,,
85,NIC,2009,4.484220028,77.91603851,78.09642792,78.00298309,87.00924683,85.15561676,80.15252686,122.7713165,96.43234,122.1118011,97.19175,123.3974609,95.71136,71.76341248,45.4727,77.24073029,49.42487,66.53720856,41.69515,,
86,NIC,2010,4.484220028,77.91603851,78.09642792,78.00298309,87.00924683,85.15561676,84.87586212,120.6404266,94.89265,120.1222229,95.96627,121.132019,93.87419,73.43241882,48.4211,77.95793915,52.40421,69.13564301,44.6393,,
87,NIC,2011,4.0832901,77.91603851,78.09642792,78.00298309,87.00924683,85.15561676,84.87586212,120.6404266,94.89265,120.1222229,95.96627,121.132019,93.87419,73.43241882,48.4211,77.95793915,52.40421,69.13564301,44.6393,,
88,NIC,2012,4.0832901,77.91603851,78.09642792,78.00298309,87.00924683,85.15561676,84.87586212,120.6404266,94.89265,120.1222229,95.96627,121.132019,93.87419,73.43241882,48.4211,77.95793915,52.40421,69.13564301,44.6393,,
89,NIC,2013,4.0832901,77.91603851,78.09642792,78.00298309,87.00924683,85.15561676,84.87586212,120.6404266,94.89265,120.1222229,95.96627,121.132019,93.87419,73.43241882,48.4211,77.95793915,52.40421,69.13564301,44.6393,,
90,NIC,2014,4.0832901,77.91603851,78.09642792,78.00298309,87.00924683,85.15561676,84.87586212,120.6404266,94.89265,120.1222229,95.96627,121.132019,93.87419,73.43241882,48.4211,77.95793915,52.40421,69.13564301,44.6393,,
91,NIC,2015,4.078430176,82.77935028,82.43855286,82.61454773,91.57177734,89.6428299,84.87586212,120.6404266,94.89265,120.1222229,95.96627,121.132019,93.87419,73.43241882,48.4211,77.95793915,52.40421,69.13564301,44.6393,,
92,NIC,2016,4.081140041,82.77935028,82.43855286,82.61454773,91.57177734,89.6428299,84.87586212,120.6404266,94.89265,120.1222229,95.96627,121.132019,93.87419,73.43241882,48.4211,77.95793915,52.40421,69.13564301,44.6393,,
93,NIC,2017,4.357689857,82.77935028,82.43855286,82.61454773,91.57177734,89.6428299,84.87586212,120.6404266,94.89265,120.1222229,95.96627,121.132019,93.87419,73.43241882,48.4211,77.95793915,52.40421,69.13564301,44.6393,,
94,NIC,2018,3.562550068,82.77935028,82.43855286,82.61454773,91.57177734,89.6428299,84.87586212,120.6404266,94.89265,120.1222229,95.96627,121.132019,93.87419,73.43241882,48.4211,77.95793915,52.40421,69.13564301,44.6393,,
95,NIC,2019,3.442830086,82.77935028,82.43855286,82.61454773,91.57177734,89.6428299,84.87586212,120.6404266,94.89265,120.1222229,95.96627,121.132019,93.87419,73.43241882,48.4211,77.95793915,52.40421,69.13564301,44.6393,,
96,NIC,2020,3.442830086,82.77935028,82.43855286,82.61454773,91.57177734,89.6428299,84.87586212,120.6404266,94.89265,120.1222229,95.96627,121.132019,93.87419,73.43241882,48.4211,77.95793915,52.40421,69.13564301,44.6393,,
97,SYR,2005,5.346000195,,,,,,109.0093765,120.4333115,92.57075,118.6331024,67.03999,122.1279678,68.85176,69.74968719,64.02818,68.16973877,62.79255,71.23480225,65.18964,18.14369011,17.13149071
98,SYR,2006,5.346000195,,,,,,108.9068375,117.9323502,89.91412,116.2687683,67.03999,119.5003967,68.85176,70.82395935,63.8259,69.73179626,62.90708,71.84893036,64.68819,20.84380913,19.91892052
99,SYR,2007,4.871970177,,,,,,106.0099792,116.1633911,91.00896,114.5263367,67.03999,117.7067184,68.85176,71.7113266,65.38093,71.36641693,65.10803,72.03527832,65.63726,22.45813942,20.92697906
100,SYR,2008,4.59525013,,,,,,104.0958862,115.484993,91.75748,113.8574524,67.03999,117.0235214,68.85176,72.01502228,65.9656,71.97229004,65.98292,72.05525208,65.94929,24.04604912,22.75443077
101,SYR,2009,5.130139828,,,,,,103.0555725,114.9330521,92.80847,113.1320267,67.03999,116.6424332,68.85176,71.37233734,66.07245,71.54399109,66.35944,71.21025085,65.80146,24.1373291,23.16242027
102,SYR,2010,5.130139828,,,,,,103.3670502,116.8237915,92.96128,114.7189713,67.03999,118.8291626,68.85176,72.17649841,66.79607,72.26609802,66.96466,72.09172058,66.63655,25.85339928,23.94379997
103,SYR,2011,5.130139828,,,,,,106.9108963,121.5973206,92.96128,119.5167084,67.03999,123.5849991,68.85176,74.51834106,68.82457,74.43776703,68.75115,74.59464264,68.8941,25.8413105,25.75019073
104,SYR,2012,5.130139828,,,,,,113.6243134,128.4602661,92.96128,126.030098,67.03999,130.7886047,68.85176,77.87033081,72.30405,77.84510803,72.18354,77.89425659,72.41835,30.90498924,30.59374046
105,SYR,2013,5.130139828,,,,,,72.29299164,81.66355133,67.96461,80.20300293,67.03999,83.06491852,68.85176,52.53155899,48.50187,52.3813591,48.07895,52.67416,48.90337,32.84584045,32.81328964
106,SYR,2014,5.130139828,,,,,,72.29299164,81.66355133,67.96461,80.20300293,67.03999,83.06491852,68.85176,52.53155899,48.50187,52.3813591,48.07895,52.67416,48.90337,41.58042908,42.08945847
107,SYR,2015,5.130139828,,,,,,72.29299164,81.66355133,67.96461,80.20300293,67.03999,83.06491852,68.85176,52.53155899,48.50187,52.3813591,48.07895,52.67416,48.90337,42.67733002,44.76588821
108,SYR,2016,5.130139828,,,,,,72.29299164,81.66355133,67.96461,80.20300293,67.03999,83.06491852,68.85176,52.53155899,48.50187,52.3813591,48.07895,52.67416,48.90337,40.05115128,42.79074097
109,SYR,2017,5.130139828,,,,,,72.29299164,81.66355133,67.96461,80.20300293,67.03999,83.06491852,68.85176,52.53155899,48.50187,52.3813591,48.07895,52.67416,48.90337,40.05115128,42.79074097
110,SYR,2018,5.130139828,,,,,,72.29299164,81.66355133,67.96461,80.20300293,67.03999,83.06491852,68.85176,52.53155899,48.50187,52.3813591,48.07895,52.67416,48.90337,40.05115128,42.79074097
111,SYR,2019,5.130139828,,,,,,72.29299164,81.66355133,67.96461,80.20300293,67.03999,83.06491852,68.85176,52.53155899,48.50187,52.3813591,48.07895,52.67416,48.90337,43.04687881,45.70848846
112,SYR,2020,5.130139828,,,,,,72.29299164,81.66355133,67.96461,80.20300293,67.03999,83.06491852,68.85176,52.53155899,48.50187,52.3813591,48.07895,52.67416,48.90337,43.04687881,45.70848846
113,USA,2005,,,,,,,98.8321991,101.8740234,94.77826,101.3106003,95.41847,102.411377,94.16765,95.0524826,89.34377,95.9484787,90.70646,94.20211029,88.05048,80.63482666,95.19016266
114,USA,2006,,,,,,,98.8321991,99.45543671,93.37426,99.0333786,95.41847,102.411377,93.23588,96.18649292,88.38466,96.30905914,89.18024,96.06963348,87.62882,88.72641754,103.1126099
115,USA,2007,,,,,,,98.8321991,99.45543671,93.37426,99.0333786,95.41847,102.411377,93.23588,96.18649292,88.38466,96.30905914,89.18024,96.06963348,87.62882,88.72641754,103.1126099
116,USA,2008,,,,,,,98.8321991,99.45543671,93.37426,99.0333786,95.41847,102.411377,93.23588,96.18649292,88.38466,96.30905914,89.18024,96.06963348,87.62882,88.72641754,103.1126099
117,USA,2009,,,,,,,98.8321991,99.45543671,93.37426,99.0333786,95.41847,102.411377,93.23588,96.18649292,88.38466,96.30905914,89.18024,96.06963348,87.62882,88.72641754,103.1126099
118,USA,2010,,,,,,,98.8321991,99.45543671,93.37426,99.0333786,93.51886,102.411377,93.23588,96.18649292,88.38466,96.30905914,89.18024,96.06963348,87.62882,88.72641754,103.1126099
119,USA,2011,,,,,,,98.8321991,99.45543671,92.44255,99.0333786,93.06796,102.411377,91.84373,96.18649292,89.75284,96.30905914,90.47964,96.06963348,89.06161,88.72641754,103.1126099
120,USA,2012,,,,,,,98.8321991,99.45543671,92.79303,99.0333786,92.63905,102.411377,92.94052,96.18649292,89.29903,96.30905914,90.32571,96.06963348,88.32107,88.72641754,103.1126099
121,USA,2013,,,,,,,98.8321991,99.45543671,92.80851,99.0333786,92.74006,102.411377,92.87408,96.18649292,89.46575,96.30905914,90.09343,96.06963348,88.8673,88.72641754,103.1126099
122,USA,2014,,,,,,,98.8321991,99.67337799,93.2305,99.50208282,93.57871,99.83744049,92.897,96.92453766,89.86874,97.51304626,91.08553,96.36253357,88.70675,88.6268692,102.5993881
123,USA,2015,,,,,,,98.8321991,100.2999115,93.8973,100.287262,94.31605,100.3120422,93.49589,97.65254974,91.27156,98.17357635,92.66306,97.15371704,89.93936,88.88941193,102.7473297
124,USA,2016,,,,,,,98.8321991,101.3628616,95.07325,101.276413,94.85693,101.4457779,95.28074,98.76992798,92.18317,98.47470856,92.17723,99.05283356,92.18887,88.83505249,102.2938004
125,USA,2017,,,,,,,98.8321991,101.8214417,94.62633,101.4219971,94.57828,102.2044601,94.6724,98.95233917,92.45022,98.69555664,93.03496,99.19851685,91.88962,88.16738892,102.0113297
126,USA,2018,,,,,,,100.0926971,101.2565613,94.62633,101.196373,94.57828,101.3142395,94.6724,99.27558136,92.45022,98.79605865,93.03496,99.73565674,91.88962,88.29917908,102.3540421
127,USA,2019,,,,,,,100.4890518,100.9813004,94.62633,101.3437424,94.57828,100.634079,94.6724,100.0634308,92.45022,99.18945313,93.03496,100.9021225,91.88962,87.88871002,102.4253311
128,USA,2020,,,,,,,100.4890518,100.9813004,94.62633,101.3437424,94.57828,100.634079,94.6724,100.0634308,92.45022,99.18945313,93.03496,100.9021225,91.88962,87.88871002,102.4253311
129,YEM,2005,5.15143013,,,,,,59.80574036,89.11940002,76.71869,75.52609253,66.10797,102.2247162,86.9485,46.44696045,39.72381,30.28926086,30.53766,62.08230972,48.59092,9.888460159,5.21999979
130,YEM,2006,5.15143013,,,,,,59.80574036,89.11940002,76.71869,75.52609253,66.10797,102.2247162,86.9485,46.44696045,39.72381,30.28926086,30.53766,62.08230972,48.59092,9.47453022,5.211279869
131,YEM,2007,5.15143013,,,,,,59.80574036,89.11940002,76.71869,75.52609253,66.10797,102.2247162,86.9485,46.44696045,39.72381,30.28926086,30.53766,62.08230972,48.59092,10.68966007,6.20182991
132,YEM,2008,5.15143013,,,,,,63.35874176,90.2305603,76.80185,80.2425766,69.38322,99.85379028,83.94956,43.01620865,39.72381,30.94857025,30.53766,54.67586136,48.59092,10.83520985,6.482679844
133,YEM,2009,5.15143013,,,,,,63.35874176,90.2305603,76.80185,80.2425766,69.38322,99.85379028,83.94956,43.01620865,39.72381,30.94857025,30.53766,54.67586136,48.59092,11.34416962,6.482679844
134,YEM,2010,5.15143013,,,,,,65.44632721,91.74582672,81.53256,82.25073242,73.53571,100.8875122,89.23177,44.08377075,39.72381,33.62150955,30.53766,54.18267822,48.59092,10.76455975,6.506440163
135,YEM,2011,5.15143013,,,,,,65.44632721,95.72290802,81.53256,85.76039886,73.53571,105.3116608,89.23177,46.16090012,42.33233,35.63711166,30.53766,56.31492996,48.59092,10.15192032,6.169670105
136,YEM,2012,5.15143013,,,,,,69.84921265,95.09768677,84.69055,85.8789978,77.02133,103.9680786,92.07002,46.91278076,42.33233,36.9317894,33.65791,56.54294968,50.70186,10.15192032,6.169670105
137,YEM,2013,5.15143013,,,,,,69.69535828,98.17310333,85.43356,89.41609955,78.30278,106.5967789,92.29292,49.27725983,43.7515,39.98313141,35.96013,58.24346924,51.26798,10.15192032,6.169670105
138,YEM,2014,5.15143013,,,,,,69.69535828,98.17310333,85.43356,89.41609955,78.30278,106.5967789,92.29292,49.27725983,43.7515,39.98313141,35.96013,58.24346924,51.26798,10.15192032,6.169670105
139,YEM,2015,5.15143013,,,,,,69.69535828,98.17310333,85.43356,89.41609955,78.30278,106.5967789,92.29292,49.27725983,43.7515,39.98313141,35.96013,58.24346924,51.26798,10.15192032,6.169670105
140,YEM,2016,5.15143013,,,,,,72.30039215,93.63748169,84.16556,87.10225677,78.67766,99.92056274,89.44172,51.58068085,47.59088,43.25849152,40.19504,59.60208893,54.71941,10.15192032,6.169670105
141,YEM,2017,5.15143013,,,,,,72.30039215,93.63748169,84.16556,87.10225677,78.67766,99.92056274,89.44172,51.58068085,47.59088,43.25849152,40.19504,59.60208893,54.71941,10.15192032,6.169670105
142,YEM,2018,5.15143013,,,,,,72.30039215,93.63748169,84.16556,87.10225677,78.67766,99.92056274,89.44172,51.58068085,47.59088,43.25849152,40.19504,59.60208893,54.71941,10.15192032,6.169670105
143,YEM,2019,5.15143013,,,,,,72.30039215,93.63748169,84.16556,87.10225677,78.67766,99.92056274,89.44172,51.58068085,47.59088,43.25849152,40.19504,59.60208893,54.71941,10.15192032,6.169670105
144,YEM,2020,5.15143013,,,,,,72.30039215,93.63748169,84.16556,87.10225677,78.67766,99.92056274,89.44172,51.58068085,47.59088,43.25849152,40.19504,59.60208893,54.71941,10.15192032,6.169670105
