health_key,hospital_beds_per_1000,nurses_and_midwives_per_1000,physicians_per_1000,hiv_per_1000,prevalence_hiv_female_15_to_24_year_old_percentage,prevalence_hiv_male_15_to_24_year_old_percentage,hiv_adults_newly_infected,hiv_children_newly_infected,aids_death,tuberculosis_per_100000,tuberculosis_death_rate_per_100000,incidence_of_malaria_per_1000,mortality_cvd_cancer_diabetes_crd_30_to_70_year_olds_percentage,mortality_cvd_cancer_diabetes_crd_30_to_70_year_olds_male_perce,mortality_cvd_cancer_diabetes_crd_30_to_70_year_olds_female_per,total_undernourished,prevalence_of_undernourishment_percentage,health_expenditure_per_capita,domestic_general_government_health_expenditure_per_capita,domestic_private_health_expenditure_per_capita,immunization_hepb3_percentage_of_one_year_olds,immunization_dpt_percentage_of_12_to_23_months_old,immunization_measles_two_doses_percentage_children,immunization_pol3_percentage_of_one_year_olds,mortality_rate_adult_female_per_1000,mortality_rate_adult_male_per_1000,mortality_rate_infant_per_1000,mortality_rate_infant_female_per_1000,mortality_rate_infant_male_per_1000,number_of_stillbirths,prevalence_of_overweight_adults_percentage,prevalence_of_overweight_male_adults_percentage,prevalence_of_anemia_children_6_to_59_months,prevalence_of_anemia_women_15_to_49_years_percentage,country_code,yr,prevalence_of_overweight_female_adults_percentage
600,3.1,9.9467,,,,,,,,5.5,0.41,,12.7,15.2,10.1,,2.5,3296.501465,2407.617749,888.8836802,14,93,,93,57.101,94.329,5.2,4.8,5.6,1037,58.6,64.4,10.3,8.7,CAN,2005,52.8
601,3.02,10.0236,1.9086,,,,,,,5.4,0.39,,12.3,14.7,9.9,,2.5,3788.090088,2630.26466,1157.825396,14,95,,95,55.857,91.806,5.2,4.8,5.6,1083,59.2,65,10.3,8.7,CAN,2006,53.4
602,2.96,10.1208,,,,,,,,5.3,0.39,,12.2,14.7,9.8,,2.5,4212.990723,2931.78985,1281.200547,14,94,,99,55.455,91.762,5.1,4.7,5.5,1129,59.7,65.5,10.3,8.7,CAN,2007,53.9
603,2.85,10.289,1.959,,,,,,,5.4,0.4,,11.9,14.2,9.6,,2.5,4474.974609,3121.397021,1353.577399,28,92,,96,55.879,89.926,5.1,4.7,5.5,1138,60.2,66,10.3,8.7,CAN,2008,54.4
604,2.8,10.3743,,,,,,,,5.3,0.25,,11.5,13.8,9.3,,2.5,4371.552734,3067.904908,1303.647664,42,91,,93,54.772,87.745,5,4.6,5.4,1126,60.7,66.5,10.4,8.7,CAN,2009,54.9
605,2.78,9.3233,2.0384,,,,,,,4.6,0.27,,11.1,13.2,9,,2.5,5065.915039,3541.329499,1524.585145,56,89,,90,52.65,85.388,5,4.6,5.3,1114,61.2,67,10.4,8.7,CAN,2010,55.5
606,2.8,9.2368,,,,,,,,4.8,0.29,,10.8,12.9,8.9,,2.5,5400.11377,3791.71119,1608.402703,70,87,,87,52.681,82.896,4.9,4.5,5.3,1116,61.7,67.5,10.5,8.8,CAN,2011,56
607,2.79,9.3473,2.3962,,,,,,,5.4,0.27,,10.7,12.7,8.8,,2.5,5500.684082,3874.937859,1625.746238,70,91,83,91,52.471,82.45,4.9,4.5,5.2,1110,62.2,67.9,10.7,8.8,CAN,2012,56.5
608,2.72,9.4788,2.4509,,,,,,,5.3,0.3,,10.5,12.4,8.6,,2.5,5443.625,3849.571869,1594.05316,55,91,86,91,51.026,81.269,4.8,4.4,5.1,1107,62.7,68.4,10.9,9,CAN,2013,57
609,2.67,9.7475,2.4961,,,,,,,5.1,0.3,,10.4,12.3,8.5,,2.5,5189.014648,3661.592995,1527.421614,55,91,86,91,51.45,81.528,4.7,4.4,5.1,1114,63.2,68.9,11.2,9.1,CAN,2014,57.5
610,2.62,9.8188,2.5388,,,,,,,5.2,0.34,,10.3,12,8.6,,2.5,4637.211426,3275.174629,1362.036784,69,91,86,91,50.806,81.304,4.7,4.3,5,1097,63.7,69.3,11.5,9.3,CAN,2015,58
611,2.6,9.9194,2.3105,,,,,,,5.5,0.28,,10.4,12.2,8.6,,2.5,4629.375,3224.506074,1404.868857,70,91,86,91,51.654,82.882,4.6,4.3,4.9,1087,64.1,69.8,11.8,9.5,CAN,2016,58.5
612,2.53,9.9491,2.6102,,,,,,,5.6,0.28,,10.1,11.9,8.3,,2.5,4865.070801,3395.676562,1469.39399,71,91,87,91,50.932,84.184,4.6,4.2,4.9,1089,,,12.2,9.7,CAN,2017,
613,2.55,9.9874,2.4251,,,,,,,5.6,0.27,,9.8,11.5,8.1,,2.5,5018.711426,3521.605263,1497.106246,71,91,87,91,50.202,83.818,4.5,4.2,4.8,1083,,,12.7,10,CAN,2018,
614,2.52,11.812,2.4425,,,,,,,5.9,0.21,,9.6,11.2,8,,2.5,5048.372559,3542.315497,1506.057184,74,91,87,91,53,85,4.4,4.1,4.8,1072,,,13.2,10.4,CAN,2019,
615,,,,,,,,,,5.9,0.21,,10,12,8,,,,,,51,91,,92,53,85,4.4,4,4.7,1100,,,11,9,CAN,2020,
616,,,0.3593,0.13,0.1,0.1,1000,500,1900,56,5.4,3.459555145,17.4,15.8,18.9,1700000,22.3,98.11772919,38.19316663,51.59939861,97,98,,98,135.232,189.461,24.4,21.7,27,2707,47.3,42.8,35.8,18.4,HND,2005,51.7
617,,,,0.12,0.1,0.1,1000,500,1700,52,5.1,2.494953478,17.5,16,18.9,1700000,21.8,112.4480057,46.82095453,59.80899919,94,95,,94,133.612,187.637,23.4,20.7,25.9,2586,48.1,43.6,35.6,18,HND,2006,52.4
618,,,,0.1,0.1,0.1,1000,500,1500,44,4.9,2.115093611,17.3,15.8,18.8,1600000,21,127.9885101,52.77793139,67.76020989,93,94,,94,131.992,185.812,22.4,19.9,24.8,2470,48.9,44.4,35.3,17.7,HND,2007,53.2
619,0.7,,,0.1,0.1,0.1,1000,200,1300,44,4.7,1.624115648,17.1,15.4,18.6,1700000,20.8,149.6478577,57.72507493,81.19769591,92,93,,93,130.425,184.052,21.5,19.1,23.8,2356,49.7,45.3,34.7,17.3,HND,2008,53.9
620,0.8,,,0.09,0.1,0.1,1000,200,1300,45,4.6,1.745769195,16.9,15.1,18.5,1500000,18.3,161.0005493,71.00302665,76.57634119,97,97,,97,128.859,182.292,20.6,18.3,22.9,2234,50.4,46.1,34.1,17,HND,2009,54.6
621,0.8,0.8598,0.295,0.09,0.1,0.1,1000,200,1200,43,4.4,1.766132049,16.9,15.1,18.5,1300000,15.9,166.1611633,70.38575332,83.2524031,97,97,,97,127.292,180.532,19.8,17.5,22,2112,51.2,46.9,33.3,16.8,HND,2010,55.4
622,0.62,,,0.09,0.1,0.1,1000,200,1100,48,4.3,1.317919078,17.1,15.4,18.7,1100000,13.5,183.6016846,81.3126943,91.02533825,97,97,,97,125.725,178.772,19.1,16.9,21.1,1999,52,47.7,32.5,16.7,HND,2011,56.1
623,0.62,,,0.09,0.1,0.1,1000,200,1000,44,3.8,1.108633002,20.8,21.5,20.2,1200000,13.4,185.6259155,72.54399599,99.96504017,98,98,,98,124.158,177.012,18.4,16.2,20.3,1912,52.8,48.6,31.7,16.6,HND,2012,56.8
624,0.65,0.6985,,0.08,0.1,0.1,1000,200,960,42,3.8,0.918100009,20.9,21.6,20.3,1200000,14.1,178.2416534,73.45908844,95.39869982,98,98,,98,122.807,175.653,17.7,15.6,19.6,1894,53.5,49.4,30.9,16.6,HND,2013,57.5
625,0.63,0.6767,,0.08,0.1,0.1,1000,200,890,39,3.8,0.561268573,21,21.7,20.4,1300000,14.6,174.5997925,70.44072094,93.23958263,98,98,,98,121.456,174.294,17.1,15.1,18.9,1895,54.3,50.2,30,16.7,HND,2014,58.2
626,0.66,0.6626,,0.08,0.1,0.1,1000,200,870,40,3.7,0.587438152,21.2,22,20.5,1300000,14.5,172.2920532,67.86813983,95.76490436,98,98,,98,120.104,172.935,16.5,14.6,18.3,1873,55,51,29.2,16.9,HND,2015,58.9
627,0.64,0.7324,0.5982,0.08,0.1,0.1,1000,200,820,39,4.1,0.741887201,19.3,18.7,19.9,1300000,13.8,180.1677551,72.02622585,99.18885959,94,94,,94,118.753,171.576,16,14.1,17.7,1853,55.8,51.8,28.4,17.1,HND,2016,59.5
628,0.64,0.7305,0.3089,0.08,0.1,0.1,1000,100,780,37,4.2,0.219651503,19.5,19.1,19.9,1200000,13.2,171.5148926,69.61938581,95.54637632,89,89,,89,117.401,170.217,15.4,13.6,17.1,1834,,,27.6,17.3,HND,2017,
629,,0.7287,,0.08,0.1,0.1,1000,100,700,37,4.4,0.132882286,18.8,17.9,19.6,1300000,13.1,180.889801,70.95574395,104.5669095,90,90,94,90,115.541,166.999,14.9,13.2,16.5,1808,,,26.9,17.6,HND,2018,
630,,,,0.08,0.1,0.1,1000,100,680,31,4.6,,18.7,17.9,19.4,1300000,13.5,187.5543366,73.45335214,109.1359295,87,87,85,87,114.32,165.406,14.4,12.8,16,1787,,,26.2,18,HND,2019,
631,,,,0.07,0.1,0.1,1000,100,680,30,5.2,,18,17,19,,,,,,94,94,,94,124,177,13.9,12.3,15.5,2088,,,31,17,HND,2020,
632,,,,1.19,1.4,0.5,7700,2300,11000,272,13,10.22536732,33.8,29.9,37.1,5100000,55,24.89042091,4.39316982,12.27972938,62,60,,60,255.952,319.049,65.3,58.7,71.4,6455,42.8,37.4,63.5,50.8,HTI,2005,47.5
633,,,,1.12,1.4,0.5,7500,2100,11000,266,12,9.725810223,33.7,30.1,36.9,5100000,54.2,28.71922302,2.38973514,13.341982,62,62,,61,250.518,313.648,63.8,57.4,69.9,6399,43.9,38.6,63.5,50.2,HTI,2006,48.6
634,1.3,,,1.04,1.3,0.5,7400,1700,8900,257,11,8.639539011,33.9,30.5,36.8,5000000,52.7,37.11300278,8.06390313,16.099177,62,64,,62,245.083,308.247,62.5,56.2,68.4,6350,45,39.9,63.4,49.7,HTI,2007,49.7
635,,,,0.99,1.3,0.5,7100,1600,7700,248,11,10.39097804,33.8,30.6,36.4,5000000,51.4,39.96041489,8.85278641,16.79250217,62,64,,64,240.4,303.291,61.3,55.1,67.1,6290,46.2,41.1,63.2,49.1,HTI,2008,50.7
636,,,,0.94,1.3,0.5,7000,1400,6600,238,11,9.005948294,33.7,30.8,36.2,4800000,48.9,40.94065857,9.14263522,17.41929398,62,65,,65,235.718,298.334,60,54,65.7,6241,47.3,42.4,63.1,48.6,HTI,2009,51.8
637,,,,0.91,1.2,0.5,6800,1600,5900,229,10,8.734245413,33.7,31.1,35.9,4700000,47.5,54.9171524,9.81214415,19.76033762,62,67,,66,231.035,293.377,102.6,96.7,108.3,6361,48.5,43.7,62.9,48.2,HTI,2010,52.8
638,,,0.1378,0.86,1.2,0.5,6700,1100,6000,220,11,9.029760876,33.5,30.9,35.8,4700000,46.8,75.70629883,5.39975456,21.33677217,62,68,,67,226.352,288.42,57.6,51.8,63.1,6115,49.6,45,62.7,47.8,HTI,2011,53.8
639,,,,0.8,1.2,0.5,6600,880,5700,213,11,6.529322114,33.3,30.9,35.4,4900000,47.7,73.7585144,6.06471536,22.89266787,62,66,,66,221.669,283.463,56.4,50.7,61.9,6045,50.7,46.2,62.5,47.6,HTI,2012,54.7
640,0.71,,0.23,0.77,1.2,0.5,6400,910,5000,206,11,5.314906059,32.9,30.7,34.9,4900000,47.1,58.3646965,6.76024906,23.35978524,68,65,,64,218.656,280.515,55.3,49.6,60.6,5961,51.8,47.5,62.4,47.4,HTI,2013,55.7
641,,,,0.73,1.1,0.5,6000,1100,4400,200,10,3.494225223,32.8,30.7,34.7,4900000,46.4,64.02371216,6.63334406,22.21449425,63,63,,63,215.642,277.567,54.1,48.6,59.3,5873,52.8,48.7,62.2,47.3,HTI,2014,56.6
642,,0.2822,0.0852,0.69,1.1,0.5,5700,1100,4000,194,10,3.435573808,32.6,30.6,34.4,4900000,46.1,67.40187836,7.44910627,25.6593769,64,64,,64,212.628,274.619,52.8,47.4,58,5802,53.9,49.9,62,47.4,HTI,2015,57.4
643,,,,0.66,1.1,0.5,5500,1100,3800,188,9.8,3.796213204,32.2,30.3,33.8,5100000,46.7,59.13440323,6.51630312,23.38676135,64,64,26,64,209.615,271.672,51.5,46.3,56.6,5721,54.9,51.1,61.7,47.4,HTI,2016,58.3
644,,,,0.59,1,0.4,4900,1000,3200,181,9.5,3.554675533,31.7,30.2,33.2,5300000,48,62.79301834,7.39196048,28.10719836,64,64,25,64,206.601,268.724,50.3,45.1,55.2,5654,,,61.3,47.5,HTI,2017,
645,,0.3977,0.2343,0.53,1,0.4,4500,900,2600,176,9.2,1.610034702,31.6,30.1,32.9,5300000,47.9,63.13831329,7.69670437,31.37822167,64,64,38,64,197.41,257.443,49,43.9,53.9,5556,,,60.7,47.6,HTI,2018,
646,,,,0.52,1,0.4,4500,860,2600,170,8.9,,31.3,29.9,32.6,5300000,46.8,56.99440002,6.2798543,27.65341349,51,51,41,74,194.592,254.553,47.8,42.8,52.6,5470,,,60.1,47.7,HTI,2019,
647,,,,0.45,0.9,0.4,3700,960,2200,168,11,,32,30,35,,,,,,62,63,,64,224,286,46.7,41.8,51.3,6019,,,62,48,HTI,2020,
648,3.4,,,0.11,0.1,0.1,1000,100,100,40,2.7,,17.8,19.6,15.8,,,212.0568085,137.1016935,74.95512119,97,98,95,98,107.245,163.287,19.8,17.5,22.1,1553,60.6,56.2,31,30.7,LBY,2005,65.2
649,3.7,,,0.12,0.1,0.1,1000,100,100,40,3.4,,17.8,19.5,15.9,,,234.7842255,153.4516691,81.29869611,98,98,96,98,103.971,162.255,18.6,16.4,20.7,1528,61.1,56.9,30.4,30.3,LBY,2006,65.6
650,3.7,,,0.11,0.1,0.1,1000,100,100,40,2.9,,19.3,20.6,17.9,,,275.479126,183.2740024,92.12535627,98,98,97,98,100.697,161.224,17.3,15.2,19.3,1503,61.7,57.5,29.5,29.8,LBY,2007,66.1
651,3.7,5.5276,1.8425,0.09,0.1,0.1,1000,100,100,40,3.8,,18.8,20,17.6,,,321.2136231,217.3272064,103.6417542,98,98,97,98,100.697,164.17,16.1,14.2,17.9,1476,62.2,58.2,28.8,29.5,LBY,2008,66.5
652,3.7,7.0072,1.9578,0.07,0.1,0.1,500,100,100,40,3.4,,18.8,19.2,18.3,,,355.186615,244.3427986,110.4652713,98,98,97,98,100.697,167.116,15.1,13.3,16.7,1449,62.8,58.8,28.1,29.1,LBY,2009,66.9
653,3.7,,,0.06,0.1,0.1,500,100,100,40,5.2,,17.8,18.3,17.3,,,399.019165,279.0664378,119.6005564,98,98,97,98,100.697,170.062,14.2,12.5,15.8,1417,63.4,59.5,27.5,28.8,LBY,2010,67.4
654,3.7,,,0.04,0.1,0.1,500,100,100,40,6.8,,17.6,18,17.2,,,309.8786621,196.1343807,113.6271846,98,98,97,98,100.697,173.008,14.9,13.4,16.4,1390,64,60.1,27.1,28.7,LBY,2011,67.8
655,3.7,,,0.04,0.1,0.1,200,100,100,40,6.8,,17.7,18.2,17.2,,,,,,98,98,97,98,100.697,175.954,12.9,11.4,14.3,1353,64.5,60.8,26.8,28.6,LBY,2012,68.3
656,3.7,6.9602,,0.04,0.1,0.1,200,100,100,40,8.3,,17.4,18,17,,,,,,96,96,95,96,99.554,174.74,12.3,10.9,13.7,1315,65.1,61.4,26.5,28.7,LBY,2013,68.7
657,3.7,6.7928,2.0583,0.04,0.1,0.1,200,100,100,40,9.5,,18,18.7,17.3,,,,,,94,94,92,94,98.411,173.525,11.8,10.5,13.1,1284,65.7,62.1,26.4,28.8,LBY,2014,69.1
658,3.7,,1.8943,0.04,0.1,0.1,500,100,100,40,11,,18.2,19,17.4,,,,,,97,97,97,97,97.268,172.311,11.4,10.1,12.6,1249,66.2,62.7,26.3,28.9,LBY,2015,69.6
659,3.7,,,0.04,0.1,0.1,500,100,100,40,10,,18.4,19.3,17.5,,,,,,97,97,96,97,96.125,171.096,11,9.7,12.1,1211,66.8,63.4,26.2,29.2,LBY,2016,70
660,3.2,6.5305,2.0905,0.04,0.1,0.1,500,100,100,40,8.7,,18.8,19.9,17.8,,,,,,96,96,94,96,94.983,169.882,10.6,9.4,11.7,1167,,,26.3,29.4,LBY,2017,
661,,,,0.05,0.1,0.1,500,100,100,40,6.2,,19,20.2,17.9,,,,,,73,73,72,73,99.334,179.566,10.2,9,11.3,1130,,,26.4,29.6,LBY,2018,
662,,,,0.05,0.1,0.1,500,100,100,59,12,,18.6,19.7,17.6,,,,,,73,73,72,73,98.11,177.887,9.9,8.8,10.9,1094,,,26.6,29.9,LBY,2019,
663,,,,0.05,0.1,0.1,500,100,100,59,13,,18,19,17,,,,,,93,94,,94,99,170,9.5,8.5,10.5,1341,,,27,29,LBY,2020,
664,1.05,2.2053,3.5303,0.15,0.1,0.1,14000,500,6300,22,2.7,1.319996049,16.7,17.8,15.7,4700000,4.4,483.0953674,204.0427828,279.0525414,98,98,97,98,88.819,158.098,19.5,17.4,21.5,18512,58.9,56.7,28,19.8,MEX,2005,60.8
665,1.02,2.2215,3.762,0.14,0.1,0.1,14000,700,6700,21,2.5,1.102290739,16.4,17.5,15.3,4400000,4.1,512.8331909,219.6315299,293.2016648,98,98,91,98,88.494,156.622,18.8,16.8,20.7,18000,59.5,57.3,27.5,19.1,MEX,2006,61.3
666,1.06,2.2832,3.843,0.14,0.1,0.1,13000,620,6400,21,2.2,1.019936056,16.1,17.5,14.8,4500000,4.1,556.0402832,243.6475261,312.3927614,98,98,85,98,88.169,155.145,18.2,16.2,20,17560,60.1,58,26.9,18.5,MEX,2007,61.8
667,1.03,2.3066,3.8988,0.14,0.1,0.1,13000,550,6300,21,2.4,1.003095253,16.4,17.9,15,4900000,4.5,570.8305054,262.0887095,308.741777,97,96,94,96,87.058,153.605,17.6,15.7,19.3,17321,60.6,58.7,26.3,17.9,MEX,2008,62.3
668,1.02,2.3624,3.9581,0.14,0.1,0.1,14000,500,6300,21,2.2,1.133483514,16.1,17.6,14.7,5400000,4.8,490.5658569,228.9395751,261.6262657,95,95,92,95,85.946,152.064,17,15.2,18.7,17106,61.2,59.3,25.7,17.3,MEX,2009,62.8
669,1.05,2.4118,3.9972,0.14,0.1,0.1,14000,500,6400,22,2.3,0.506773445,15.9,17.5,14.5,5700000,5,531.8894653,267.1082258,264.7812462,93,95,91,95,84.834,150.524,16.4,14.7,18,16826,61.7,60,25.1,16.8,MEX,2010,63.3
670,1.04,2.5093,4.2008,0.15,0.1,0.1,16000,500,6500,21,2.3,0.458175954,15.4,17,13.9,5700000,4.9,563.1089478,297.3433805,265.7655538,98,97,97,97,83.722,148.983,15.9,14.3,17.4,16514,62.3,60.6,24.5,16.3,MEX,2011,63.7
671,1.03,2.5488,4.2236,0.16,0.1,0.1,17000,500,6400,22,2.1,0.334984664,15.5,17.2,13.9,5600000,4.8,580.2183838,307.9922216,272.2261524,99,99,92,99,82.61,147.443,15.4,13.8,16.9,16133,62.8,61.2,23.9,15.9,MEX,2012,64.2
672,1.03,2.8044,4.311,0.17,0.1,0.1,18000,500,5800,22,2.1,0.196458898,15.2,17,13.5,5100000,4.3,623.0515747,334.8974699,288.1541373,82,83,76,83,81.654,145.608,14.9,13.3,16.4,15793,63.3,61.8,23.4,15.6,MEX,2013,64.6
673,1.03,2.6798,4.4526,0.16,0.1,0.1,17000,500,6000,22,1.9,0.257052284,15.6,17.6,13.8,5300000,4.4,606.9298096,316.0993669,290.8304475,84,87,95,87,80.698,143.773,14.4,12.9,15.9,15485,63.9,62.4,22.9,15.3,MEX,2014,65.1
674,1,2.4177,4.6493,0.16,0.1,0.1,17000,500,5900,22,1.8,0.200086536,15.7,17.7,13.9,6100000,5,550.3400269,287.2827939,263.057197,82,87,96,87,79.743,141.938,13.9,12.5,15.3,15333,64.4,63,22.5,15.1,MEX,2015,65.5
675,1,2.5103,4.6488,0.16,0.1,0.1,18000,500,5000,22,1.8,0.210694566,16,18.3,14,7100000,5.8,485.624176,249.0266949,236.5974563,93,93,98,96,78.787,140.103,13.5,12.1,14.8,15271,64.9,63.6,22.2,15,MEX,2016,66
676,0.99,2.5078,4.7654,0.16,0.1,0.1,18000,500,4500,23,1.7,0.278231521,15.7,18,13.7,7700000,6.1,506.892334,256.1599097,250.7324452,58,85,62,85,77.831,138.268,13,11.7,14.3,15287,,,21.9,15,MEX,2017,
677,0.98,3.149,4.8496,0.16,0.1,0.1,18000,500,5000,23,1.7,0.300159537,15.6,17.9,13.6,7800000,6.2,521.0083008,258.8085687,262.1997337,55,88,99,88,95.815,184.379,12.6,11.3,13.8,15296,,,21.7,15.1,MEX,2018,
678,,2.3646,,0.16,0.1,0.1,18000,500,4400,23,1.7,,15.6,18,13.5,9200000,7.2,540.3723145,266.4452825,273.9270132,56,82,73,82,95.357,183.338,12.2,10.9,13.4,15136,,,21.7,15.3,MEX,2019,
679,,,,0.16,0.1,0.1,18000,500,4300,24,1.7,,15,17,14,,,,,,85,92,,92,85,153,11.8,10.6,12.9,16371,,,24,16,MEX,2020,
680,0.9,1.1573,0.4996,0.12,0.1,0.1,1000,100,500,44,5.6,3.543412063,16.5,18.5,14.6,1300000,23.3,72.34895325,29.15138294,29.89976903,86,86,,87,129.307,225.937,24.9,21.9,27.8,1915,51.2,47,20.2,15.2,NIC,2005,55.2
681,1,1.1578,0.4924,0.12,0.1,0.1,1000,100,500,45,4.5,1.638309604,14.6,16.2,13.2,1200000,22.2,77.98773193,35.11261637,34.33329498,88,88,,88,125.371,221.245,23.9,20.9,26.6,1886,51.9,47.7,19.2,14.7,NIC,2006,55.8
682,0.9,1.1824,0.5265,0.12,0.1,0.1,1000,100,500,51,4.2,0.703671798,15.7,17.7,14,1200000,21.6,92.37856293,41.87146746,40.3817913,93,93,,93,121.436,216.552,22.9,20.1,25.5,1855,52.5,48.4,18.4,14.3,NIC,2007,56.4
683,0.9,1.2916,0.6486,0.12,0.1,0.1,1000,100,500,52,3.4,0.390083393,16.1,18.3,14.3,1200000,21.2,107.4519959,47.83448847,45.92813793,97,97,,97,119.089,213.28,22,19.2,24.5,1818,53.2,49.1,18,14,NIC,2008,56.9
684,,1.3028,0.7032,0.12,0.1,0.1,1000,100,500,50,3.4,0.307824688,16,18.1,14.2,1200000,20.9,111.0123215,55.07870114,45.03004309,98,98,,99,116.742,210.008,21.1,18.5,23.6,1788,53.8,49.8,17.8,13.8,NIC,2009,57.5
685,0.8,1.2647,0.7278,0.12,0.1,0.1,1000,100,500,53,4.5,0.344584109,15.4,17.2,14,1200000,20.1,115.9510269,53.4573507,46.0312838,98,98,,99,114.396,206.737,20.3,17.7,22.6,1753,54.4,50.5,17.5,13.5,NIC,2010,58.1
686,1.14,1.3657,0.8137,0.12,0.1,0.1,1000,100,500,57,3.6,0.454462895,15.7,17.9,13.9,1100000,19.2,123.3549881,58.45754306,49.31606056,98,98,,99,112.049,203.465,19.5,17.1,21.8,1724,55.1,51.2,17.4,13.4,NIC,2011,58.6
687,0.96,1.3695,0.8605,0.12,0.1,0.1,1000,100,500,58,3.2,0.5989198,16,18.4,14,1100000,17.8,131.8300629,66.00342193,52.51117524,98,98,,99,109.703,200.193,18.7,16.4,20.9,1693,55.7,51.9,17.6,13.3,NIC,2012,59.2
688,0.95,1.3597,0.8981,0.12,0.1,0.1,1000,100,500,57,2.6,0.555879283,15.9,18.8,13.5,1100000,18.1,138.3856812,70.09036715,54.33838189,98,98,,99,108.041,197.544,18,15.7,20.1,1658,56.3,52.6,17.8,13.5,NIC,2013,59.7
689,0.93,1.3549,0.8946,0.13,0.1,0.1,1000,100,500,54,2.3,0.539291246,16,18.4,14.1,1100000,18.7,154.2833862,80.42050496,58.00422795,98,98,,99,106.379,194.894,17.3,15.1,19.3,1627,56.9,53.3,18.2,13.6,NIC,2014,60.3
690,0.93,1.3667,0.9312,0.12,0.1,0.1,1000,100,500,50,2.9,1.062421888,15,17.2,13.2,1200000,19,163.2299347,91.54326934,61.49630405,98,98,,99,104.717,192.244,16.6,14.6,18.6,1588,57.6,54,18.5,13.9,NIC,2015,60.8
691,0.93,1.4661,0.9537,0.12,0.1,0.1,1000,100,500,46,2.7,2.886604382,15.8,18.3,13.7,1100000,18,169.6340332,98.02805693,62.75260012,98,98,,99,103.055,189.595,16,14,17.9,1553,58.2,54.7,19,14.1,NIC,2016,61.4
692,0.93,1.5524,0.9895,0.12,0.1,0.1,1000,100,500,44,2.8,4.975272544,15.6,18,13.6,1100000,17.6,180.0031128,104.8743841,64.25170362,98,98,84,99,101.392,186.945,15.4,13.5,17.2,1520,,,19.6,14.6,NIC,2017,
693,,,1.6645,0.12,0.1,0.1,1000,100,500,41,2.2,7.142677445,15.6,18.1,13.5,1200000,18.2,173.4938355,103.936002,60.15667109,98,98,95,99,102.575,200.678,14.8,13,16.5,1483,,,20.2,15.1,NIC,2018,
694,,,,0.12,0.1,0.1,1000,100,500,43,2.2,,15.3,17.7,13.4,1300000,19.3,160.7587891,97.93086278,58.43802085,98,98,99,99,101.226,198.33,14.3,12.5,16,1448,,,20.9,15.7,NIC,2019,
695,,,,0.11,0.1,0.1,1000,100,500,42,2.2,,15,17,13,,,,,,96,96,,96,111,203,13.8,12.1,15.4,1687,,,18,14,NIC,2020,
696,1.28,1.8846,1.5384,0.01,0.1,0.1,100,,100,29,0.36,0,22.8,26.1,19.3,,,63.55982208,32.00033072,31.46014483,83,80,81,83,82.266,150.5,16.8,15,18.6,6629,53.5,48.8,31.4,34.4,SYR,2005,58.5
697,1.47,,,0.01,0.1,0.1,100,,100,26,0.33,0,22.1,25.2,18.9,,,65.62462616,30.82193673,33.77043958,83,80,81,83,80.604,149.65,16.5,14.8,18.2,6612,54.2,49.6,31.1,33.8,SYR,2006,59.1
698,1.47,1.8904,1.4882,0.01,0.1,0.1,100,,100,27,0.24,0,21.7,25,18.3,,,75.41347504,35.69593688,39.15461465,83,80,81,83,78.941,148.8,16.3,14.6,18,6557,54.9,50.3,31,33.4,SYR,2007,59.8
699,1.54,1.8423,1.4858,0.01,0.1,0.1,100,,100,23,0.26,0,22.1,25.8,18.3,,,86.41690063,39.88059616,45.81140419,83,79,81,83,80.925,177.02,16.2,14.5,17.8,6447,55.7,51.1,30.8,33,SYR,2008,60.4
700,1.51,1.8429,1.4113,0.01,0.1,0.1,100,,100,24,0.25,0,21.5,25,17.9,,,90.49646759,40.60389128,48.87031172,84,80,82,83,82.908,205.24,16.1,14.4,17.8,6302,56.4,51.9,30.6,32.5,SYR,2009,61.1
701,1.54,1.8749,1.4602,0.01,0.1,0.1,100,,100,21,0.13,0,21.2,24.5,17.9,,,92.73750305,41.54053076,50.08160729,84,80,82,83,84.892,233.46,16.2,14.4,17.8,6102,57.1,52.6,30.5,32.1,SYR,2010,61.7
702,1.55,,,0.01,0.1,0.1,100,,100,21,0.13,0,21,24.2,17.8,,,80.71446228,36.48174356,43.08849684,66,72,71,60,86.875,261.68,16.7,15,18.3,5878,57.8,53.4,30.5,31.8,SYR,2011,62.3
703,1.53,,,0.01,0.1,0.1,100,,100,18,0.13,0,21.5,24.9,18,,,69.83010864,31.62370821,37.49168828,43,45,53,47,88.859,289.9,23.4,21.7,25.1,5661,58.5,54.2,30.6,31.7,SYR,2012,63
704,1.52,,,0.01,0.1,0.1,100,,100,17,0.13,0,21.7,25.3,18.1,,,,,,71,41,51,50,86.417,284.827,26.8,25,28.5,5422,59.3,55,30.7,31.7,SYR,2013,63.6
705,1.5,2.3094,1.5513,0.01,0.1,0.1,100,,100,23,0.13,0,21.8,25.3,18.2,,,,,,47,43,49,52,83.974,279.754,27.7,25.8,29.3,5212,60,55.7,30.9,31.8,SYR,2014,64.2
706,1.47,,,0.01,0.1,0.1,100,,100,20,0.13,0,21.8,25.4,18.3,,,,,,41,41,47,50,81.532,274.681,25.6,23.8,27.3,5019,60.7,56.5,31.2,31.9,SYR,2015,64.8
707,1.46,1.5406,1.2874,0.01,0.1,0.1,100,,100,22,0.13,0,21.6,25,18.2,,,,,,42,42,52,48,79.09,269.608,25,23.1,26.7,4881,61.4,57.3,31.6,32,SYR,2016,65.4
708,1.4,,,0.01,0.1,0.1,100,,100,20,0.13,0,22.1,25.9,18.4,,,,,,48,48,59,53,76.648,264.535,18.8,16.9,20.6,4784,,,32,32.2,SYR,2017,
709,,,,0.01,0.1,0.1,100,,100,19,0.13,0,22.2,26.1,18.4,,,,,,47,47,54,53,73.258,237.292,18.9,16.9,20.6,4709,,,32.5,32.5,SYR,2018,
710,,,,0.01,0.1,0.1,100,,100,19,0.13,,22.1,26.1,18.3,,,,,,54,54,54,60,69.869,210.049,18.4,16.5,20.2,4649,,,32.9,32.8,SYR,2019,
711,,,,0.01,0.1,0.1,100,,100,19,0.13,,21,25,18,,,,,,63,60,,64,81,229,18.4,16.5,20.2,5657,,,31,32,SYR,2020,
712,3.2,9.9177,,0,0,0,31700,,,5.5,0.25,,16.1,19.3,13.1,,2.5,6454.403809,2929.732924,3524.670812,93,96,86,92,81.507,141.969,6.7,6,7.4,12382,61.9,67,5.9,8.1,USA,2005,57
713,3.18,,,0,0,0,31700,,,5.3,0.24,,15.7,18.8,12.7,,2.5,6828.615723,3159.012788,3669.603185,93,96,86,93,80.928,141.119,6.7,6,7.3,12336,62.5,67.6,5.8,8.4,USA,2006,57.6
714,3.14,,,0,0,0,31700,,,5.1,0.21,,15.4,18.5,12.4,,2.5,7181.89209,3328.428072,3853.46417,93,96,86,93,79.447,138.605,6.6,5.9,7.2,12454,63.1,68.1,5.8,8.7,USA,2007,58.2
715,3.13,,,0,0,0,31700,,,4.9,0.21,,15.2,18.3,12.3,,2.5,7401.369141,3515.59986,3885.769571,94,96,87,94,78.705,136.811,6.5,5.8,7.1,12805,63.7,68.7,5.8,8.9,USA,2008,58.8
716,3.08,,,0,0,0,31700,,,4.3,0.19,,14.9,18,12,,2.5,7657.559082,3714.851415,3942.707305,92,95,88,93,79.055,134.966,6.4,5.7,7,12247,64.2,69.2,5.8,9.2,USA,2009,59.4
717,3.05,12.5927,,0.13,0.1,0.2,34000,,,4.2,0.2,,14.5,17.5,11.7,,2.5,7888.352051,3854.495482,4033.856054,92,95,89,93,77.159,131.884,6.2,5.7,6.8,12147,64.8,69.8,5.8,9.5,USA,2010,59.9
718,2.97,,,0.13,0.1,0.2,33000,,,3.9,0.19,,14.3,17.3,11.6,,2.5,8080.214844,3954.628625,4125.585967,91,96,90,94,77.926,132.138,6.1,5.6,6.7,11987,65.3,70.3,5.8,9.8,USA,2011,60.5
719,2.93,,,0.13,0.1,0.2,33000,,,3.6,0.17,,14.2,17.1,11.5,,2.5,8342.580078,4074.731279,4267.848607,90,94,91,93,77.717,131.355,6,5.5,6.6,11883,65.8,70.8,5.8,10,USA,2012,61
720,2.89,,,0.12,0.1,0.2,31000,,,3.3,0.19,,14,16.9,11.3,,2.5,8522.125977,4215.403784,4306.722107,91,94,91,93,78.093,131.269,6,5.4,6.5,11799,66.4,71.3,5.8,10.3,USA,2013,61.6
721,2.83,,,0.12,0.1,0.2,32000,,,3.2,0.16,,13.9,16.7,11.2,,2.5,8939.396484,4531.417273,4407.979182,92,95,92,93,79.382,131.889,5.9,5.3,6.4,11795,66.9,71.8,5.8,10.5,USA,2014,62.1
722,2.8,,,0.12,0.1,0.1,32000,,,3.2,0.16,,13.9,16.7,11.2,,2.5,9392.066406,4804.292251,4587.773689,92,95,93,93,80.43,134.324,5.8,5.3,6.3,11810,67.4,72.3,5.8,10.7,USA,2015,62.6
723,2.77,,,0.12,0.1,0.1,32000,,,3.1,0.17,,14,16.8,11.3,,2.5,9775,4965.938148,4809.061927,93,95,94,94,82.117,138.526,5.7,5.2,6.2,11849,67.9,72.7,5.9,11,USA,2016,63.2
724,2.87,14.5812,,0.12,0.1,0.1,31000,,,3.1,0.17,,13.8,16.5,11.1,,2.5,10103.0918,5117.236419,4985.855296,93,95,94,94,81.996,139.245,5.7,5.1,6.2,11861,,,5.9,11.2,USA,2017,
725,,15.685,2.6036,0.11,0.1,0.1,30000,,,3,0.17,,13.6,16.3,11.1,,2.5,10515.32324,5338.817901,5176.505356,91,94,94,93,80.603,137.542,5.6,5,6.1,11855,,,6,11.5,USA,2018,
726,,,,0.11,0.1,0.1,29000,,,3,0.17,,13.6,16.1,11.1,,2.5,10921.0127,5552.60023,5368.412199,91,94,95,93,79,135,5.5,5,6,11844,,,6.1,11.8,USA,2019,
727,,,,0,0,0,31700,,,2.4,0.17,,14,17,11,,,,,,92,95,,93,79,135,5.4,4.9,5.9,12070,,,5,9,USA,2020,
728,0.61,,,0.02,0.1,0.1,500,100,500,80,16,32.83548144,29.1,32.5,25.6,5600000,27.8,43.37588501,13.78998635,28.68723455,80,79,21,80,223.472,269.725,54.8,50.2,59.1,18102,39.5,35,81.7,64.3,YEM,2005,43.9
729,0.7,,,0.02,0.1,0.1,500,100,500,73,15,38.24942227,28.7,32.1,25.4,5500000,26.6,51.00078583,14.99555281,34.22192283,78,78,26,78,222.405,268.639,52.3,47.9,56.6,18051,40.3,35.8,81.3,63.9,YEM,2006,44.8
730,0.7,,,0.02,0.1,0.1,500,100,500,66,13,51.42224113,28.4,31.7,25.1,5600000,26.1,59.23065186,15.91433608,41.61211556,79,79,32,79,221.337,267.553,50,45.7,54.2,17975,41.2,36.5,80.9,63.4,YEM,2007,45.6
731,0.7,,0.3156,0.03,0.1,0.1,500,100,500,60,11,31.66261001,28.3,31.5,25,5700000,26,70.82818604,19.70250551,49.32539754,78,78,35,78,218.24,264.4,48,43.7,52,17923,42,37.3,80.5,62.9,YEM,2008,46.5
732,0.7,,0.3165,0.03,0.1,0.1,1000,100,500,55,8.6,40.02486929,27.9,31.1,24.8,5300000,23.5,66.81106567,14.60610771,50.30034115,76,76,38,76,215.142,261.247,46.4,42.2,50.4,17883,42.8,38.1,80.2,62.5,YEM,2009,47.3
733,0.72,0.7165,,0.03,0.1,0.1,1000,100,500,52,6.8,62.76078663,27.4,30.5,24.4,6100000,26.4,68.86593628,15.51247857,51.68709842,76,76,43,77,212.045,258.094,45.5,41.4,49.4,18041,43.7,38.9,80,62.1,YEM,2010,48.2
734,0.7,,,0.03,0.1,0.1,1000,100,200,50,6.8,42.73207493,27.2,30.2,24.3,6600000,27.9,65.56300354,15.01249116,48.18313642,69,69,46,69,208.947,254.942,45.3,41.2,49.2,18284,44.5,39.7,79.9,61.8,YEM,2011,49
735,0.72,,,0.03,0.1,0.1,1000,100,500,48,4.6,45.09289887,27.1,30.1,24.2,8200000,33.3,75.14369965,17.95190713,54.54579181,67,67,40,68,205.85,251.789,45.4,41.2,49.3,18806,45.4,40.6,79.9,61.5,YEM,2012,49.9
736,0.67,0.8649,,0.03,0.1,0.1,1000,100,500,48,4.1,35.7598441,26.9,29.9,24.1,8600000,34.3,79.7281189,15.74378836,60.26380203,73,73,47,67,203.257,249.515,45.2,41,49.2,19381,46.2,41.4,79.9,61.4,YEM,2013,50.7
737,0.71,0.8789,0.5251,0.03,0.1,0.1,1000,100,500,48,5.6,29.13337715,26.7,29.6,23.9,10000000,38.6,81.05194855,13.11555278,62.76423753,73,73,45,67,200.664,247.241,45.4,41.2,49.3,19967,47.1,42.3,79.9,61.3,YEM,2014,51.6
738,0.71,0.7242,,0.03,0.1,0.1,1000,100,500,48,9,24.89511961,26.6,29.5,23.8,11500000,43.4,73.17674255,7.45118041,60.02952495,69,69,41,63,198.071,244.968,46.1,42,50.1,20512,48,43.2,79.9,61.3,YEM,2015,52.4
739,0.71,0.7485,,0.03,0.1,0.1,1000,100,500,48,6.7,37.75155447,26.8,29.7,24,12500000,46.1,,,,71,71,49,65,195.478,242.694,46,41.8,50,20984,48.8,44.1,79.9,61.3,YEM,2016,53.3
740,0.71,0.7682,,0.03,0.1,0.1,1000,100,500,48,6.6,41.63530579,27.1,30,24.3,13000000,46.6,,,,68,68,46,62,192.885,240.42,45.9,41.8,50,21183,,,79.8,61.4,YEM,2017,
741,,0.7852,,0.03,0.1,0.1,1000,100,500,48,6.9,45.83874642,27.4,30.4,24.6,12900000,45.4,,,,65,65,46,59,174.558,219.749,46.5,42.4,50.5,21147,,,79.7,61.5,YEM,2018,
742,,,,0.04,0.1,0.1,1000,100,500,48,6.5,,27.6,30.6,24.8,13200000,45.4,,,,73,73,46,67,173.917,219.239,46.4,42.2,50.4,21184,,,79.5,61.5,YEM,2019,
743,,,,0.04,0.1,0.1,1000,100,500,49,7.3,,27,30,24,,,,,,73,72,,70,204,250,45.7,41.5,49.8,19294,,,80,62,YEM,2020,
