population_key,country_code,yr,life_expectancy_at_birth_for_females,life_expectancy_at_birth_for_males,net_migration,percent_demographics_in_rural,percent_demographics_in_urban,percent_poverty_headcount_ratio_at_national_poverty_line,percent_rural_poverty_headcount_ratio_at_national_poverty_line,percent_urban_poverty_headcount_ratio_at_national_poverty_line,percent_population_growth,percent_rural_population_growth,percent_urban_population_growth,percent_population_female,percent_population_male,percent_population_ages_0_to_14_female,percent_population_ages_0_to_14_male,percent_population_ages_15_to_19_female,percent_population_ages_15_to_19_male,percent_population_ages_20_to_24_female,percent_population_ages_20_to_24_male,percent_population_ages_25_to_29_female,percent_population_ages_25_to_29_male,percent_population_ages_30_to_34_female,percent_population_ages_30_to_34_male,percent_population_ages_35_to_39_female,percent_population_ages_35_to_39_male,percent_population_ages_40_to_44_female,percent_population_ages_40_to_44_male,percent_population_ages_45_to_49_female,percent_population_ages_45_to_49_male,percent_population_ages_50_to_54_female,percent_population_ages_50_to_54_male,percent_population_ages_55_to_59_female,percent_population_ages_55_to_59_male,percent_population_ages_60_to_64_female,percent_population_ages_60_to_64_male,percent_population_ages_65_and_above_female,percent_population_ages_65_and_above_male
1,CAN,2005,82.6,77.9,,19.878,80.122,,,,0.9444669275,0.5578442542,1.040618588,50.42504405,49.57495595,17.09008809,18.27184618,6.501630909,7.004634051,6.707064469,7.091843915,6.565211175,6.850483436,6.65746175,6.880830662,7.172035239,7.44190629,8.375238742,8.660906526,8.044253887,8.186952963,7.16890925,7.17289528,6.233030182,6.205860433,4.794588328,4.714174155,14.69048797,11.51766611
2,CAN,2006,82.7,78.1,,19.787,80.213,,,,1.010334503,0.5514912489,1.123846755,50.41509059,49.58490941,16.8214573,17.99021895,6.522348357,7.020387904,6.741221644,7.136296235,6.629727519,6.891853622,6.620857491,6.831110218,6.961881129,7.209690383,8.167260085,8.450789692,8.099506479,8.265317766,7.263449905,7.270904858,6.378214966,6.331625886,4.98554734,4.898719982,14.80852779,11.70308451
3,CAN,2007,82.9,78.3,1326431,19.604,80.396,,,,0.9711351414,0.04197814871,1.199018842,50.40445577,49.59554423,16.56154728,17.71920966,6.534007591,7.016210363,6.749821129,7.167818777,6.709564693,6.955330654,6.608772987,6.79856066,6.817405191,7.044749065,7.875085519,8.147931262,8.154603271,8.344830555,7.355963049,7.376706651,6.484376864,6.419873321,5.203285966,5.105727597,14.94556645,11.90305144
4,CAN,2008,83,78.5,,19.422,80.578,,,,1.082907116,0.1501919837,1.309029905,50.39482101,49.60517899,16.32168866,17.47094958,6.515119869,6.973637307,6.743369803,7.190215753,6.791606626,7.034844785,6.62078375,6.779456855,6.729620165,6.939375148,7.538979776,7.794641111,8.188075755,8.400088407,7.443523959,7.485489528,6.564880462,6.487170285,5.429166362,5.317243946,15.11318481,12.1268873
5,CAN,2009,83.3,78.8,,19.242,80.758,,,,1.141758099,0.2106570431,1.364893948,50.38841089,49.61158911,16.10872541,17.25307406,6.445390882,6.879828321,6.733256411,7.205435106,6.861472396,7.117261508,6.656739661,6.778764964,6.676429007,6.868473626,7.225307749,7.461277115,8.162345361,8.389405478,7.523976542,7.591572391,6.642243174,6.559465841,5.637269085,5.509511931,15.32684432,12.38592966
6,CAN,2010,83.5,79.1,,19.063,80.937,,,,1.111864075,0.1772532152,1.333268714,50.38648435,49.61351565,15.92206516,17.06391667,6.321837143,6.737273849,6.718814713,7.206686559,6.911889613,7.192060021,6.713328178,6.804067193,6.642950575,6.811581149,6.978692831,7.195837658,8.054652402,8.288542758,7.596828922,7.691363283,6.729433251,6.651539198,5.812065937,5.669778574,15.59744128,12.68735309
7,CAN,2011,83.6,79.4,,18.904,81.096,,,,0.9786977866,0.1411299679,1.174952642,50.38973738,49.61026262,15.85242979,16.98695521,6.273052638,6.679050312,6.682913712,7.11355949,6.931888241,7.209089297,6.751615559,6.842073687,6.60570242,6.738116667,6.763595433,6.962675035,7.843467579,8.075148792,7.67226168,7.808209249,6.811141455,6.755163681,5.943758371,5.817898909,15.86817312,13.01205967
8,CAN,2012,83.8,79.6,1241416,18.863,81.137,,,,1.085817263,0.8686943564,1.136362333,50.39709174,49.60290826,15.73749489,16.86484328,6.183467571,6.594962356,6.689806092,7.074932069,6.916713524,7.176188579,6.820058401,6.914439923,6.590258873,6.684955955,6.625674273,6.804027608,7.545895132,7.767020893,7.749966931,7.918593922,6.905980379,6.884472845,6.040345715,5.924094679,16.19433822,13.39146789
9,CAN,2013,83.9,79.7,,18.822,81.178,,,,1.056591259,0.8389993509,1.107109995,50.40580896,49.59419104,15.61377273,16.72963047,6.045677757,6.468751755,6.736850353,7.102992277,6.865203751,7.09115568,6.908494077,7.00421496,6.590364704,6.652733149,6.552577005,6.705100951,7.203202158,7.410766653,7.796496575,7.983801914,7.011380263,7.038953544,6.111383276,5.994625202,16.56459735,13.81727345
10,CAN,2014,83.9,79.8,,18.782,81.218,,,,1.005337579,0.7925875176,1.05460142,50.41230542,49.58769458,15.5172737,16.61471057,5.876274353,6.311672246,6.784322897,7.159814495,6.805197001,6.989858086,6.989960351,7.077468446,6.608186175,6.647745679,6.513298829,6.634915686,6.882697604,7.075868231,7.768253508,7.961324329,7.116734518,7.19935055,6.179279796,6.060879531,16.95852127,14.26639215
11,CAN,2015,84,79.9,,18.741,81.259,,,,0.746339478,0.5278075594,0.7968079755,50.41412656,49.58587344,15.4587384,16.53312351,5.696794444,6.142652951,6.786042473,7.188698386,6.77299363,6.92409004,7.038463254,7.1046753,6.649778417,6.67366094,6.484740837,6.57361693,6.630992488,6.807358967,7.645592327,7.836974838,7.209590294,7.340673253,6.261633154,6.153753402,17.36464028,14.72072148
12,CAN,2016,84,79.9,,18.7,81.3,,,,1.132348655,0.9133361258,1.182792155,50.41056603,49.58943397,15.38153609,16.42286553,5.566307816,5.988783453,6.715982092,7.134659251,6.810710541,6.999741438,7.031147471,7.106259002,6.712563493,6.735099222,6.4666152,6.534163577,6.466009994,6.621814152,7.450353847,7.629856732,7.285236064,7.426282813,6.361189317,6.263646212,17.75234808,15.13682862
13,CAN,2017,84,79.9,1210159,18.65,81.35,,,,1.199682154,0.9319524782,1.261162007,50.40256216,49.59743784,15.36619888,16.38178817,5.432854153,5.828338688,6.584398816,7.004241259,6.895575571,7.131460361,6.980878977,7.062666427,6.796552755,6.824267149,6.452789699,6.501216148,6.367967013,6.501946188,7.170493113,7.339917015,7.350800736,7.491403091,6.468367171,6.40101402,18.13312311,15.53174149
14,CAN,2018,84.2,80,,18.589,81.411,,,,1.412548033,1.084928031,1.487505987,50.39152995,49.60847005,15.37586879,16.3722009,5.303355231,5.671134939,6.414677057,6.823807869,6.996608633,7.281079762,6.915586013,7.005635728,6.886098425,6.92339399,6.450073938,6.482814027,6.321600335,6.433271073,6.852831887,7.013334677,7.384994795,7.518382464,6.577857054,6.551011708,18.52044784,15.92393286
15,CAN,2019,84.2,80,,18.518,81.482,,,,1.4150147,1.032338383,1.502188206,50.37951633,49.62048367,15.35820666,16.34092596,5.19218464,5.534903961,6.240302427,6.632415653,7.064204802,7.388699288,6.878562144,6.984336714,6.957861785,7.005932813,6.470290489,6.492366918,6.298145643,6.388582823,6.566366892,6.717275554,7.356588407,7.482280587,6.681512137,6.691617729,18.93577398,16.340662
16,CAN,2020,,,,18.438,81.562,,,,1.089591487,0.656644459,1.187724304,50.36802481,49.63197519,15.29197902,16.26570066,5.108043518,5.430660546,6.07699777,6.450040139,7.067898392,7.417936131,6.893269056,7.025109413,6.998450656,7.0567982,6.518034554,6.535449321,6.279265222,6.350948619,6.351911278,6.491412798,7.249766031,7.371134312,6.771843357,6.807745474,19.39254115,16.79706439
17,HND,2005,74.338,69.728,,51.415,48.585,,,,2.388253195,1.11660464,3.751820849,50.19518749,49.80481251,39.68237604,41.51478412,10.83107864,11.16268077,9.625405644,9.772265011,8.248981718,8.191293946,6.792083439,6.551452355,5.645864772,5.329761083,4.531563414,4.216362507,3.70577316,3.43465237,2.989062646,2.772029205,2.160361106,2.020252322,1.648882894,1.543231478,4.138566526,3.491234833
18,HND,2006,74.609,69.971,,50.755,49.245,,,,2.323165271,1.031161348,3.672487636,50.17934203,49.82065797,39.12025538,40.93369294,10.81089547,11.15467091,9.633216118,9.801007294,8.326348353,8.295955047,6.886376587,6.667567602,5.720887774,5.409212043,4.612827634,4.291491738,3.753015984,3.470133479,3.055283712,2.822170153,2.239848764,2.082080087,1.670704511,1.554770188,4.170339709,3.517248523
19,HND,2007,74.884,70.212,-25000,50.095,49.905,,,,2.256484876,0.9476002473,3.587811776,50.16356493,49.83643507,38.58071622,40.36802889,10.78796395,11.14332101,9.625936168,9.814009448,8.389234502,8.385532732,6.988990644,6.795780945,5.783256302,5.478418538,4.703561268,4.378273812,3.800045545,3.506550708,3.10735271,2.861270547,2.331995245,2.155242416,1.699449992,1.573691092,4.20149746,3.539879861
20,HND,2008,75.157,70.454,,49.434,50.566,,,,2.184263323,0.8559826417,3.500089768,50.14828426,49.85171574,38.0307932,39.78678157,10.77402261,11.14080856,9.612593921,9.820358348,8.440521379,8.462634119,7.095548773,6.930101545,5.842498036,5.547419057,4.799001177,4.471876466,3.851248978,3.548244967,3.15122859,2.894378812,2.428921084,2.232871861,1.73759567,1.601802424,4.236026577,3.562722265
21,HND,2009,75.427,70.698,,48.775,51.225,,,,2.105554971,0.7635078187,3.400374395,50.13408533,49.86591467,37.42284927,39.14514126,10.78501213,11.1631776,9.605980346,9.832644476,8.484653303,8.531733974,7.199731592,7.062191026,5.912754242,5.630758912,4.892471684,4.565353192,3.912567766,3.601338529,3.195785743,2.928900044,2.519945212,2.306013024,1.789214205,1.641915127,4.279034505,3.590832831
22,HND,2010,75.69,70.945,,48.115,51.885,,,,2.024413317,0.6620149902,3.304624052,50.12130496,49.87869504,36.73902682,38.42713426,10.8254776,11.21486924,9.612881142,9.857702902,8.52384474,8.595145787,7.296831744,7.186299909,6.00083045,5.735343886,4.980062718,4.654822154,3.986448933,3.668355251,3.245928167,2.968994206,2.59922285,2.369665847,1.85536781,1.694698316,4.334077028,3.626968233
23,HND,2011,75.944,71.193,,47.457,52.543,,,,1.943169475,0.5661924415,3.203369011,50.11007385,49.88992615,36.04388105,37.69565115,10.8785388,11.2774285,9.624017865,9.883951784,8.55534665,8.649113685,7.386408827,7.302245332,6.101744371,5.856322382,5.060816487,4.739446939,4.06977483,3.745781139,3.296773632,3.009194044,2.664230399,2.419924368,1.929326277,1.752422595,4.389140804,3.668518081
24,HND,2012,76.185,71.44,-30000,46.798,53.202,,,,1.869321608,0.4709525888,3.115743122,50.10015402,49.89984598,35.28269808,36.90027024,10.95943636,11.36741678,9.641164241,9.915063506,8.581866482,8.69663232,7.471332871,7.412310527,6.217255717,5.994421679,5.136243936,4.820427804,4.166504967,3.837866898,3.351559252,3.0536504,2.720628321,2.463881928,2.017301917,1.822254465,4.454007854,3.715803448
25,HND,2013,76.413,71.683,,46.142,53.858,,,,1.810130794,0.3984463318,3.035625073,50.09120848,49.90879152,34.48486563,36.06858386,11.04141845,11.45811533,9.668691873,9.955827936,8.606292261,8.740908314,7.549519693,7.514556832,6.339818578,6.141230819,5.211709607,4.903766296,4.270087244,3.938366342,3.412076409,3.104592168,2.77195472,2.504601778,2.111276166,1.897551874,4.532289365,3.771898442
26,HND,2014,76.628,71.919,,45.486,54.514,49.7,,,1.76927099,0.3373766778,2.979924889,50.08269147,49.91730853,33.70274871,35.25095383,11.08375444,11.50849681,9.711863141,10.01224951,8.631352706,8.784927648,7.617238492,7.605565875,6.457355812,6.283464687,5.294775367,4.99782569,4.370423137,4.037483133,3.480316909,3.16453799,2.82293189,2.545978153,2.20001583,1.968846524,4.627223566,3.839670149
27,HND,2015,76.829,72.148,,44.835,55.165,51.5,,,1.741474102,0.2999276942,2.928585686,50.07424637,49.92575363,32.96783104,34.47895086,11.06324528,11.49485921,9.772095043,10.0856191,8.659218122,8.830961082,7.672743226,7.683804992,6.562693257,6.413079936,5.389047817,5.106506251,4.461785521,4.129845444,3.557029272,3.234486951,2.876697979,2.590288648,2.277077273,2.030887406,4.740536174,3.920710133
28,HND,2016,77.019,72.366,,44.187,55.813,49.7,,,1.71775975,0.2619083249,2.885576891,50.06579803,49.93420197,32.2604539,33.74244513,10.98516276,11.42017892,9.851347529,10.17469823,8.694996463,8.882061358,7.723607276,7.755648428,6.662979638,6.536521636,5.496157813,5.230167777,4.54758454,4.217487018,3.642251627,3.312598004,2.930412322,2.633034778,2.340602612,2.079754226,4.864443519,4.015404499
29,HND,2017,77.201,72.573,-34000,43.543,56.457,49.8,,,1.692271482,0.2240873527,2.83953155,50.05742911,49.94257089,31.62021923,33.0716552,10.84742272,11.28548534,9.942937628,10.2755881,8.72546014,8.92643233,7.760931693,7.81279962,6.751656754,6.647798207,5.610409322,5.363984105,4.623761871,4.29768535,3.735887217,3.400739803,2.984709708,2.677139738,2.39478483,2.121831104,5.001818886,4.118861106
30,HND,2018,77.378,72.771,,42.904,57.096,50.4,,,1.667082227,0.188706688,2.792549129,50.04934017,49.95065983,31.03114478,32.45205554,10.66914356,11.10909493,10.02625408,10.36771322,8.758543309,8.972462279,7.790635058,7.861277156,6.829478928,6.747481902,5.727361846,5.502240432,4.697079833,4.377524389,3.833412664,3.49452739,3.042476678,2.725645334,2.443601031,2.160499692,5.150868231,4.229477738
31,HND,2019,77.551,72.96,,42.27,57.73,48,,,1.640617842,0.1518745204,2.744907627,50.04169354,49.95830646,30.46375105,31.85623149,10.47884602,10.91806644,10.07274579,10.42254314,8.806363426,9.032769398,7.82160213,7.909929649,6.898516563,6.837716374,5.840679368,5.637324671,4.777982748,4.467904458,3.928854749,3.588010172,3.108001626,2.783018422,2.493007658,2.200598317,5.309648869,4.345887467
32,HND,2020,,,,41.641,58.359,,,,1.613135933,0.1139001885,2.696798081,50.03456977,49.96543023,29.90509164,31.27222725,10.292736,10.72788186,10.06625061,10.42407575,8.873227102,9.112243578,7.858583038,7.963741291,6.959986505,6.919808118,5.946068872,5.764172904,4.871817017,4.574146069,4.018541776,3.677741226,3.183205374,2.851251192,2.546568335,2.2449726,5.477923728,4.467738155
33,HTI,2005,60.561,56.748,,57.362,42.638,,,,1.624901291,-0.03311549861,3.899748128,50.72382173,49.27617827,37.08040518,39.28997611,11.09870456,11.48068885,10.3235666,10.40183073,8.043862594,7.803513815,6.289157288,5.877441771,5.504778738,5.208330805,4.825026875,4.557074274,3.95409547,3.842521673,3.379334772,3.227878873,2.562281822,2.326174713,2.290230998,2.104108793,4.648555101,3.880459589
34,HTI,2006,60.945,57.115,,56.396,43.604,,,,1.612703899,-0.08569245735,3.85302308,50.71463396,49.28536604,36.7045685,38.89082252,10.96847488,11.33795277,10.3429016,10.45142545,8.289674169,8.096862718,6.383708719,5.979380369,5.481568198,5.170692879,4.84709041,4.568101822,3.998651241,3.866110273,3.412684027,3.274722941,2.605707789,2.373409304,2.25351554,2.058033125,4.711454931,3.932485831
35,HTI,2007,61.34,57.477,-138004,55.426,44.574,,,,1.598240401,-0.1366946228,3.798413353,50.70499875,49.29500125,36.32925616,38.50449695,10.85502253,11.21462782,10.28241124,10.4034716,8.561150332,8.414399817,6.512614729,6.129839687,5.455457451,5.116813076,4.855325769,4.579973278,4.062821288,3.897130488,3.421523239,3.297074001,2.685658859,2.465109045,2.207987771,1.994776024,4.770770634,3.982288218
36,HTI,2008,61.738,57.828,,54.449,45.551,,,,1.580168107,-0.1982626804,3.748352233,50.69506571,49.30493429,35.95483745,38.12547109,10.75410989,11.11353833,10.17398604,10.29002982,8.822606222,8.717083996,6.673653236,6.324309039,5.440567977,5.066948963,4.852203377,4.588713552,4.134440688,3.930104379,3.419867964,3.306333686,2.782386074,2.578194728,2.167949639,1.935123054,4.823391445,4.024149353
37,HTI,2009,62.134,58.165,,53.472,46.528,,,,1.558056629,-0.2525814197,3.680232822,50.68503455,49.31496545,35.57984536,37.7459771,10.6601441,11.02940187,10.06114806,10.16303514,9.026522192,8.953014992,6.863696837,6.553297945,5.456085336,5.05372314,4.841745395,4.585998519,4.195569882,3.958771523,3.42885817,3.318899407,2.868322559,2.680972693,2.153502225,1.907447231,4.864559881,4.04946043
38,HTI,2010,62.531,58.495,,52.491,47.509,,,,1.532102807,-0.3195274466,3.61857751,50.67506135,49.32493865,35.20250513,37.36146445,10.5717912,10.95632293,9.967763644,10.05771784,9.149071675,9.094497294,7.076983861,6.804836276,5.512490224,5.097345998,4.828134585,4.567116217,4.236245501,3.980625553,3.459423308,3.342825617,2.92858357,2.756742493,2.174193739,1.92499432,4.892813572,4.055511009
39,HTI,2011,62.934,58.831,,51.508,48.492,,,,1.506310041,-0.3841550551,3.554283728,50.66489973,49.33510027,34.84409897,36.98011019,10.47795163,10.85395694,9.8583496,9.964794322,9.192707819,9.156807652,7.312933711,7.078121366,5.607977774,5.205415289,4.816469255,4.534594902,4.263249668,4.000659843,3.505567468,3.367367027,2.9630957,2.802567046,2.217626932,1.971622333,4.939971473,4.083983092
40,HTI,2012,63.346,59.182,-150000,50.523,49.477,58.5,,,1.480054624,-0.4508006732,3.49097246,50.65474111,49.34525889,34.48298706,36.59312218,10.39693578,10.76795093,9.762934712,9.88244374,9.158495067,9.132040051,7.571441392,7.375516572,5.734222962,5.356832196,4.801680398,4.490402393,4.278202465,4.022304533,3.569575652,3.400164164,2.976979835,2.828949553,2.292676201,2.055297149,4.973868471,4.094976538
41,HTI,2013,63.77,59.555,,49.54,50.46,,,,1.450276669,-0.514540751,3.417571389,50.64582365,49.35417635,34.11813864,36.20029043,10.32374714,10.69903058,9.684203492,9.808079458,9.072016244,9.049054716,7.82151933,7.664353734,5.889580382,5.543167706,4.796368528,4.456177727,4.283412302,4.039183615,3.640774211,3.43772245,2.982663902,2.84510573,2.382512711,2.156778098,5.005063117,4.101055762
42,HTI,2014,64.201,59.947,,48.556,51.444,,,,1.416131282,-0.5901326453,3.347419471,50.63984695,49.36015305,33.74699855,35.80460633,10.25480901,10.6420465,9.618193632,9.73768803,8.974577129,8.95270718,8.019728937,7.896284352,6.071619979,5.75578365,4.818288128,4.460259888,4.282608708,4.043590501,3.70340627,3.474165384,2.998763946,2.864678858,2.46377715,2.2499686,5.047228557,4.11822072
43,HTI,2015,64.632,60.35,,47.573,52.427,,,,1.379509987,-0.665737719,3.27230615,50.63764896,49.36235104,33.36770699,35.40754266,10.18945821,10.59091934,9.559838773,9.673041555,8.893845424,8.870684544,8.14205027,8.042927738,6.275200934,5.98823389,4.877408848,4.515879134,4.279141133,4.034154297,3.748672906,3.505380173,3.034839558,2.894875908,2.523906152,2.321230706,5.107930805,4.155130058
44,HTI,2016,65.052,60.752,,46.604,53.396,,,,1.341394984,-0.7165083374,3.172808899,50.63991839,49.36008161,33.01121899,35.01972949,10.11399336,10.50070637,9.48193367,9.612865497,8.819651853,8.80352019,8.196463883,8.11173133,6.501711039,6.255685088,4.973498708,4.6164548,4.275748244,4.017533666,3.779241823,3.529253894,3.082147174,2.925099722,2.55836979,2.366416907,5.206021472,4.241003054
45,HTI,2017,65.454,61.139,-175000,45.654,54.346,,,,1.305020463,-0.7544827277,3.068528148,50.64557577,49.35442423,32.64075707,34.63384944,10.04539127,10.41703719,9.416975619,9.557930913,8.754687767,8.743656236,8.180172788,8.101051532,6.750654386,6.543734609,5.098647395,4.758311557,4.270648245,3.989698695,3.800536598,3.555846889,3.146590944,2.962722986,2.576678557,2.396202856,5.318259364,4.339957094
46,HTI,2018,65.832,61.5,,44.722,55.278,,,,1.274050225,-0.7885187626,2.97445002,50.65220989,49.34779011,32.26204257,34.24816157,9.978971051,10.34469566,9.365603043,9.504385553,8.696805084,8.689234648,8.116663099,8.039704539,6.992906457,6.817797996,5.250741107,4.937962797,4.274886416,3.967557198,3.814141578,3.580786822,3.218185284,3.004274878,2.589695176,2.418763191,5.439359135,4.44667515
47,HTI,2019,66.182,61.831,,43.808,56.192,,,,1.249854229,-0.8150507747,2.889790144,50.65651231,49.34348769,31.88154272,33.86140338,9.912149418,10.28448272,9.323768032,9.450327084,8.64258118,8.636396024,8.042106163,7.967869561,7.187489648,7.034408402,5.426990143,5.147225527,4.304228056,3.977295219,3.82269126,3.596842952,3.282544177,3.044949651,2.613100416,2.445373863,5.560808787,4.553425618
48,HTI,2020,,,,42.912,57.088,,,,1.230549254,-0.8359512759,2.812508106,50.65618315,49.34381685,31.50121674,33.47246796,9.845521744,10.23335339,9.286094672,9.398918856,8.592736122,8.583306155,7.978808495,7.907941871,7.31136714,7.172308625,5.622802146,5.375294702,4.367246482,4.034785731,3.828767844,3.600781666,3.331891758,3.082265978,2.654599445,2.481531411,5.678947412,4.657043657
49,LBY,2005,74.119,69.991,,22.92,77.08,,,,1.537152626,0.8371771513,1.746241409,48.44148128,51.55851872,30.33776146,30.00444864,11.16636732,10.95067031,11.00523864,10.84942201,10.64446133,10.73499505,9.268673002,9.545770785,7.353819152,7.703031763,5.263133536,5.370039603,3.730096994,3.871016296,2.880593535,3.070696529,2.186095442,2.232111798,1.930090942,1.916325493,4.233668632,3.751471729
50,LBY,2006,74.4,70.04,,22.747,77.253,,,,1.510603079,0.7528904097,1.734808642,48.53198828,51.46801172,29.82558382,29.63459992,10.90504537,10.73888966,10.88453446,10.73690937,10.6151626,10.69103261,9.439145794,9.706695729,7.603384929,7.95760328,5.502312377,5.607162318,3.858534968,3.92186826,2.941074554,3.069880856,2.216892654,2.245881571,1.909264103,1.884247342,4.299064374,3.805229092
51,LBY,2007,74.63,70.004,-118555,22.563,77.437,,,,1.482315455,0.6701479171,1.720204929,48.63129826,51.36870174,29.42587734,29.3613257,10.59493064,10.4843329,10.77083138,10.6412157,10.5243432,10.58162304,9.586297708,9.849731361,7.836651505,8.188272399,5.757608714,5.8900289,4.003591665,3.995282112,2.990622298,3.046002665,2.271635343,2.280258181,1.878775447,1.832580144,4.358834753,3.849346892
52,LBY,2008,74.797,69.884,,22.368,77.632,,,,1.395357639,0.5273547258,1.646858687,48.73587578,51.26412422,29.11700161,29.16750377,10.25829896,10.20521835,10.64840591,10.54585378,10.39312106,10.42988319,9.700350178,9.961589975,8.054951605,8.400848691,6.023002052,6.201077928,4.166006272,4.099956213,3.038594138,3.015170833,2.3407433,2.320120027,1.848258252,1.773332561,4.411266671,3.879444681
53,LBY,2009,74.901,69.695,,22.163,77.837,,,,1.234308868,0.3136266497,1.498018313,48.84144684,51.15855316,28.85583365,29.01726832,9.928008951,9.929322553,10.49277553,10.42341779,10.25558692,10.27571502,9.771429754,10.02724933,8.261814036,8.60535127,6.289804027,6.514600267,4.348368853,4.247880617,3.101109239,3.0007084,2.408702746,2.34418792,1.832620811,1.725015368,4.453945489,3.889283152
54,LBY,2010,74.954,69.473,,21.948,78.052,,,,1.032798456,0.05794671712,1.308644616,48.94453026,51.05546974,28.61401607,28.88616821,9.624618294,9.673736066,10.29122584,10.2589304,10.13219737,10.14405318,9.795118973,10.03957338,8.456497437,8.803608314,6.552276491,6.814857748,4.553212069,4.446206492,3.187920957,3.017683823,2.466194087,2.342863138,1.840200777,1.697117293,4.486521644,3.875201944
55,LBY,2011,74.982,69.266,,21.723,78.277,,,,0.7998528795,-0.2305885886,1.087707623,49.04586488,50.95413512,28.57260346,28.94489666,9.302668638,9.359638718,9.996703774,9.956027151,9.970170784,9.935733924,9.7211262,9.907147488,8.587583344,8.910423305,6.800669689,7.091383609,4.803776627,4.745285437,3.320996962,3.140047146,2.531305991,2.391396677,1.876695027,1.728159963,4.515699502,3.88985992
56,LBY,2012,75.012,69.119,-300002,21.488,78.512,,,,0.6113866047,-0.4763262598,0.9111571848,49.14579022,50.85420978,28.53250472,29.01601686,9.02549607,9.094188175,9.670553564,9.62966856,9.827002747,9.753113416,9.601344304,9.718451252,8.699940632,8.992985917,7.026811628,7.325072601,5.071925189,5.07760039,3.47600109,3.285178577,2.590944787,2.430918901,1.940934526,1.788886772,4.536540741,3.887918578
57,LBY,2013,75.069,69.062,,21.244,78.756,,,,0.5489260617,-0.5930861823,0.8592242051,49.23958325,50.76041675,28.49564637,29.09539697,8.793733134,8.8812045,9.330313735,9.296853473,9.683128574,9.576415201,9.452160172,9.494469858,8.786696117,9.043692546,7.228173518,7.517308577,5.346912099,5.421639805,3.652533294,3.457133453,2.653437503,2.472760732,2.022290957,1.865448801,4.554974529,3.877676081
58,LBY,2014,75.161,69.105,,20.991,79.009,,,,0.6574337084,-0.5405981686,0.9781532609,49.32149897,50.67850103,28.46937062,29.18380019,8.601836989,8.717239018,9.003385436,8.983507775,9.508476018,9.375730805,9.298332331,9.268230803,8.833810889,9.046128232,7.405350091,7.676418172,5.613615424,5.746721808,3.84935177,3.662195667,2.731995412,2.533228542,2.104145733,1.937667368,4.580329289,3.86913162
59,LBY,2015,75.29,69.239,,20.73,79.27,,,,0.8806698738,-0.3705218058,1.210469478,49.3871834,50.6128166,28.45071889,29.27501701,8.445608196,8.597563791,8.710922527,8.709985255,9.288746224,9.137784017,9.154827159,9.060117162,8.833105929,8.990361676,7.560732848,7.809412989,5.861364586,6.032926067,4.064230675,3.901689708,2.834730624,2.621402559,2.17677632,1.995388627,4.618236022,3.868351142
60,LBY,2016,75.449,69.442,,20.46,79.54,,,,1.143967287,-0.1670670722,1.484001247,49.43413286,50.56586714,28.29093057,29.14841126,8.308055574,8.478084523,8.476407788,8.502697531,9.065375686,8.928673149,9.048113586,8.919443271,8.813268012,8.918407575,7.728497702,7.9611809,6.107605201,6.308118911,4.30197084,4.182231297,2.956679919,2.729850613,2.231734034,2.032035292,4.671361085,3.89086568
61,LBY,2017,75.619,69.672,-9997,20.183,79.817,,,,1.354932265,-0.008206338987,1.702587113,49.46451932,50.53548068,28.09334701,28.97555328,8.194529055,8.383449603,8.276922255,8.328452009,8.813215353,8.699573009,8.959692153,8.808696175,8.748855266,8.796036805,7.884248921,8.098598749,6.340129083,6.553734664,4.560933642,4.501774116,3.10249413,2.86357349,2.283661785,2.064980755,4.741971348,3.925577339
62,LBY,2018,75.788,69.895,,19.898,80.102,,,,1.475852639,0.05374304631,1.83227476,49.48378881,50.51621119,27.86368463,28.76525228,8.109944091,8.318201839,8.107523374,8.182329616,8.547791142,8.462462334,8.871380386,8.708567716,8.65536172,8.643862423,8.016534702,8.207879759,6.558113681,6.772299614,4.830841862,4.840210827,3.271476973,3.026950955,2.34143779,2.104537433,4.825909652,3.967445205
63,LBY,2019,75.951,70.097,,19.607,80.393,,,,1.469822354,-0.003461566826,1.832457268,49.49992276,50.50007724,27.6034224,28.52380005,8.062783434,8.289558376,7.959976559,8.056958721,8.293495297,8.236996289,8.75572383,8.589737859,8.556995667,8.493349683,8.109372923,8.269865854,6.762421032,6.970656097,5.098165811,5.168848768,3.462794284,3.226797958,2.417764933,2.164745769,4.917083826,4.008684578
64,LBY,2020,,,,19.309,80.691,,,,1.375005728,-0.156497619,1.744992112,49.51837989,50.48162011,27.30987054,28.25057074,8.05616376,8.299274347,7.830362522,7.949550514,8.066420773,8.036671561,8.598962543,8.436961349,8.468266447,8.363015126,8.155118955,8.27586525,6.952609073,7.151997975,5.354072681,5.469771851,3.67500845,3.465324699,2.519727851,2.253529166,5.013416408,4.047467421
65,MEX,2005,77.999,72.575,,23.692,76.308,,,,1.415816979,0.1116780118,1.824208785,51.09971257,48.90028743,30.67941037,33.04708714,9.659411459,9.823350174,9.057628336,9.018906956,8.495573209,8.201444042,8.034440479,7.749715178,7.094480187,6.75012699,6.068039508,5.893741955,5.071930193,4.887544568,4.144318439,4.00949155,3.114045264,3.031291622,2.500831113,2.437709994,6.079891447,5.149589827
66,MEX,2006,78.035,72.532,,23.384,76.616,,,,1.456213238,0.1476725807,1.859028134,51.108013,48.891987,30.25283046,32.64515107,9.596750395,9.834728057,9.005149508,8.976109266,8.447425954,8.169386052,8.021764518,7.725454582,7.174969418,6.816779026,6.161680036,5.95067568,5.165372071,4.971024257,4.252062937,4.092182335,3.216589477,3.11144702,2.540789143,2.467119253,6.164616084,5.239943404
67,MEX,2007,78.039,72.447,-562404,23.08,76.92,,,,1.486063532,0.1775031376,1.882062923,51.10265545,48.89734455,29.78364598,32.16725719,9.555628378,9.894021853,8.95148985,8.925631638,8.409114366,8.16021445,7.986740977,7.670220515,7.258597775,6.904685309,6.256314638,5.996758014,5.264114129,5.067885252,4.349455751,4.164860407,3.34409674,3.216898626,2.578612862,2.490395685,6.262188553,5.341171058
68,MEX,2008,78.026,72.342,,22.778,77.222,,,,1.495369098,0.1782424477,1.887215566,51.08954387,48.91045613,29.29321738,31.65154297,9.528519615,9.973311011,8.896613066,8.880423164,8.374435355,8.158225455,7.938022875,7.599442106,7.335200482,6.994690339,6.350578328,6.038809227,5.365979136,5.169459074,4.440523263,4.233112925,3.484674393,3.335434492,2.622267163,2.516731702,6.369968943,5.448817538
69,MEX,2009,78.004,72.233,,22.48,77.52,,,,1.476755803,0.1598428474,1.86191342,51.07679722,48.92320278,28.81600216,31.1514608,9.494179712,10.02570931,8.845135759,8.859816722,8.335456164,8.145675823,7.887684948,7.534933748,7.390358479,7.059205737,6.443103872,6.088278943,5.467753563,5.263134841,4.531948576,4.306153649,3.621067448,3.449605137,2.683540753,2.55940398,6.483768565,5.556621312
70,MEX,2010,77.979,72.135,,22.185,77.815,,,,1.438140669,0.1171733881,1.817966315,51.06991394,48.93008606,28.37124407,30.69382958,9.434260047,10.02099317,8.804124833,8.875286015,8.288874198,8.11777762,7.842023992,7.487362829,7.416763987,7.084016948,6.532647017,6.151335018,5.567594256,5.342325331,4.627529836,4.389077635,3.74343346,3.549879389,2.768266944,2.625111364,6.60323736,5.663005109
71,MEX,2011,77.952,72.056,,21.889,78.111,,,,1.39478997,0.05157584908,1.774457245,51.0703185,48.9296815,27.9413934,30.26242415,9.341129692,9.947447973,8.800881982,8.938762564,8.255514619,8.104652328,7.808290567,7.463497597,7.423617665,7.080473032,6.62300898,6.22842762,5.665872638,5.406942491,4.721910304,4.474767311,3.847549855,3.630268345,2.864529228,2.700527389,6.706301068,5.7618092
72,MEX,2012,77.922,71.997,-422477,21.595,78.405,,,,1.355294426,0.003052323759,1.730975308,51.07590116,48.92409884,27.56179119,29.88805431,9.209673738,9.811062679,8.809041552,9.030565126,8.218342221,8.081807085,7.77524343,7.450723938,7.403780428,7.042651297,6.710865414,6.318773904,5.761082286,5.456835416,4.817940356,4.568925833,3.940150285,3.699240112,2.981462143,2.795816892,6.810626958,5.855543404
73,MEX,2013,77.89,71.958,,21.301,78.699,,,,1.315557607,-0.05522079006,1.689832343,51.0841907,48.9158093,27.21180585,29.54878348,9.057254756,9.640189862,8.815619783,9.124025342,8.184051331,8.063534711,7.742317159,7.443062712,7.367633615,6.986792972,6.789640099,6.408159921,5.854400716,5.501301276,4.915736399,4.665896927,4.026432982,3.76383998,3.109510985,2.901586721,6.925596322,5.952826091
74,MEX,2014,77.86,71.943,,21.007,78.993,,,,1.277686366,-0.1121429086,1.650565264,51.09154834,48.90845166,26.85773954,29.20624742,8.911536644,9.479020684,8.801490188,9.181180757,8.161715162,8.069778465,7.709891918,7.434109712,7.329895091,6.935975322,6.850476075,6.476446981,5.948298087,5.554940577,5.015632861,4.757676844,4.114879465,3.83500334,3.23531931,3.004916397,7.063125659,6.064703499
75,MEX,2015,77.837,71.954,,20.715,79.285,,,,1.241164502,-0.1585997514,1.610136046,51.09549783,48.90450217,26.48317296,28.84041797,8.78898556,9.353919866,8.755529673,9.181396281,8.154651928,8.108670561,7.679297598,7.422361828,7.298101891,6.901638081,6.888589697,6.512823209,6.043217855,5.624808507,5.1174128,4.839802201,4.210072645,3.918223814,3.351270909,3.098826561,7.22969648,6.197111124
76,MEX,2016,77.826,71.99,,20.423,79.577,,,,1.203259506,-0.2163775561,1.570874888,51.09567297,48.90432703,26.15661044,28.50444611,8.687465903,9.261962612,8.684523887,9.142289943,8.169150665,8.188972232,7.659639259,7.421603841,7.2681195,6.875275334,6.90111019,6.513483572,6.131335132,5.69734485,5.210654032,4.89903575,4.297334318,3.994727114,3.44390541,3.167445294,7.390151261,6.333413352
77,MEX,2017,77.827,72.046,-300000,20.133,79.867,,,,1.16396695,-0.26617894,1.527731482,51.09327555,48.90672445,25.79672746,28.13258635,8.608138027,9.200243712,8.583056785,9.051446105,8.200325498,8.302614116,7.645663001,7.423057587,7.245908154,6.866425442,6.895049965,6.488629658,6.223118935,5.787586668,5.306569718,4.950124706,4.390942814,4.083230305,3.530753454,3.229981242,7.573746185,6.48407411
78,MEX,2018,77.844,72.118,,19.844,80.156,41.9,,,1.126414791,-0.3194406975,1.487613001,51.08928083,48.91071917,25.42176424,27.74233278,8.539860648,9.154742422,8.464428621,8.931247332,8.232339144,8.422257002,7.638830194,7.434431484,7.230042927,6.870359254,6.876451907,6.449342482,6.310188203,5.880740176,5.404284163,4.999804037,4.489420911,4.17730685,3.615289806,3.291740183,7.777099236,6.645696001
79,MEX,2019,77.879,72.203,,19.556,80.444,,,,1.091366887,-0.370590772,1.450022972,51.08513875,48.91486125,25.05916332,27.36095776,8.464617456,9.102086805,8.349611251,8.816522204,8.241976295,8.507593489,7.641613895,7.467819899,7.217392721,6.878664434,6.854622657,6.41263689,6.380360159,5.954724289,5.502791868,5.05832271,4.590424963,4.267336874,3.702775677,3.360275618,7.994649738,6.813059027
80,MEX,2020,,,,19.269,80.731,43.9,,,1.058240034,-0.4202146408,1.414374776,51.08187444,48.91812556,24.71986152,27.00001234,8.373024467,9.029457464,8.25167545,8.728446639,8.216732302,8.536551684,7.654678128,7.528619193,7.206604452,6.887088406,6.835923761,6.389159754,6.427184281,5.997589782,5.600974849,5.130755917,4.692534992,4.348226392,3.796135595,3.439384637,8.2246702,6.984707796
81,NIC,2005,74.272,68.079,,44.065,55.935,48.3,,,1.365526231,1.018918085,1.639429063,50.64734315,49.35265685,34.9369571,37.54254157,11.11076824,11.88112836,10.2960444,10.70041455,8.730309419,8.628129914,7.250650105,6.799163531,5.913518455,5.371554901,5.075959693,4.615483773,4.427614934,4.030827018,3.548270808,3.09235103,2.152182223,1.876840208,1.959374171,1.742346428,4.59835044,3.719218714
82,NIC,2006,74.54,68.294,,43.868,56.132,,,,1.370765121,0.9226837844,1.722350489,50.67029613,49.32970387,34.29405509,36.88608488,10.98618137,11.75696344,10.28084316,10.72185947,8.859679359,8.809487044,7.380924513,6.955131033,6.013915629,5.466079885,5.107348782,4.620282949,4.470446916,4.063979823,3.701933935,3.237264331,2.296912812,1.989433513,1.927313583,1.700895615,4.680444851,3.792538016
83,NIC,2007,74.802,68.506,-155010,43.672,56.328,,,,1.374485191,0.926701294,1.723044527,50.69294352,49.30705648,33.66791718,36.26064245,10.87043439,11.6397471,10.21579388,10.68738238,8.991417437,8.992753684,7.502516966,7.104205389,6.135574212,5.583396855,5.143503228,4.630959581,4.503789829,4.078297803,3.812413785,3.352759155,2.514036959,2.161523232,1.871112289,1.639736211,4.771489843,3.868596164
84,NIC,2008,75.068,68.724,,43.475,56.525,,,,1.374571698,0.9224539297,1.723704538,50.71325022,49.28674978,33.07095929,35.67220791,10.75232565,11.52334429,10.11554409,10.61330794,9.109399991,9.160113772,7.618693724,7.249789227,6.271091084,5.715508029,5.188715515,4.653858615,4.531510458,4.080557191,3.889544737,3.441240542,2.767296385,2.364340322,1.821831288,1.585403618,4.863087789,3.940328537
85,NIC,2009,75.345,68.952,,43.279,56.721,42.5,,,1.368674269,0.9167973341,1.714841916,50.72863499,49.27136501,32.52241363,35.13268725,10.61186777,11.39179874,10.00414117,10.525468,9.190488133,9.286288307,7.735656599,7.398446786,6.408628462,5.851768251,5.248894115,4.69570685,4.557863717,4.079932036,3.94996557,3.508630632,3.003534236,2.55713279,1.824106157,1.575149996,4.942440438,3.996990362
86,NIC,2010,75.633,69.185,,43.083,56.917,,,,1.357371607,0.9034868766,1.702312212,50.73744114,49.26255886,32.02924015,34.64633262,10.43970547,11.2358317,9.89736641,10.44184896,9.22223448,9.358400602,7.855760686,7.551967878,6.540082532,5.985612113,5.327856925,4.758737993,4.586362403,4.083399557,4.004226089,3.559015434,3.191597366,2.716236564,1.900555605,1.627420637,5.005011882,4.035195951
87,NIC,2011,75.93,69.416,,42.887,57.113,,,,1.346935579,0.8909731068,1.690696615,50.7392892,49.2607108,31.55075625,34.16420296,10.23548674,11.04159495,9.807696288,10.37378816,9.225823813,9.408788611,7.990196177,7.733167531,6.672335817,6.131793057,5.432401229,4.842880218,4.621692745,4.091060248,4.047365782,3.589457188,3.331176519,2.842348559,2.03408301,1.724729072,5.050985624,4.056189447
88,NIC,2012,76.227,69.636,-135020,42.691,57.309,,,,1.337692998,0.8796201623,1.680292618,50.73510705,49.26489295,31.11457633,33.71982437,10.00397662,10.82687231,9.722384666,10.30778475,9.182526737,9.408415265,8.12785006,7.920775954,6.797808281,6.276755538,5.557050951,4.950247465,4.662262626,4.104622319,4.083495127,3.604433501,3.433926048,2.944775992,2.231485255,1.874299992,5.082657303,4.061192548
89,NIC,2013,76.516,69.839,,42.495,57.505,,,,1.327243279,0.8670595396,1.66867533,50.72739425,49.27260575,30.71944498,33.31123857,9.760809331,10.60632386,9.62895352,10.23402708,9.106147667,9.370958709,8.253198276,8.097229015,6.919910032,6.422646732,5.694024932,5.07520087,4.712373863,4.128674552,4.115689736,3.609681926,3.509055454,3.025375837,2.46002948,2.051063679,5.120362732,4.06757918
90,NIC,2014,76.795,70.026,,42.3,57.7,29.6,,,1.315393172,0.8554498398,1.65392756,50.71954931,49.28045069,30.35662529,32.93164863,9.528634756,10.39889772,9.509280333,10.13736606,9.018711522,9.319340492,8.344933683,8.238428868,7.045073979,6.575157565,5.832902968,5.208665396,4.777814119,4.16964112,4.148073208,3.613378449,3.571613129,3.088696461,2.673381763,2.219996452,5.192955247,4.098782789
91,NIC,2015,77.06,70.201,,42.105,57.895,,,,1.30197874,0.8399509092,1.639341295,50.71404996,49.28595004,30.01637488,32.57291714,9.322749231,10.21563782,9.355575031,10.01242183,8.933624076,9.268415939,8.39136466,8.330779413,7.174623755,6.735992019,5.967483446,5.344388005,4.862020739,4.23157428,4.183863774,3.621241662,3.630197709,3.137866053,2.845388577,2.361387333,5.316734124,4.167378504
92,NIC,2016,77.309,70.374,,41.91,58.09,24.9,,,1.288988634,0.8247791509,1.625243605,50.71153575,49.28846425,29.66038338,32.18429869,9.150223346,10.04122776,9.19642522,9.874546607,8.869227112,9.238879609,8.407083245,8.398908317,7.308279426,6.916511379,6.100274021,5.486670979,4.964245943,4.317135105,4.219447955,3.633192045,3.67196982,3.167231497,2.973186021,2.470221716,5.479254514,4.271176295
93,NIC,2017,77.546,70.551,-106360,41.701,58.299,,,,1.274730664,0.7747746049,1.633886436,50.71141138,49.28858862,29.31954103,31.81291128,8.998642306,9.885799138,9.00991524,9.711760315,8.810090912,9.209345157,8.381225284,8.421705886,7.446158617,7.105372452,6.226921371,5.629363085,5.085976965,4.424564482,4.260983543,3.651319876,3.707992108,3.184208193,3.069326379,2.560693537,5.683226246,4.402956595
94,NIC,2018,77.77,70.741,,41.478,58.522,,,,1.255375779,0.7191987146,1.637144596,50.71270568,49.28729432,28.98801433,31.45062669,8.868374125,9.752465818,8.809847168,9.536754814,8.745311972,9.170761588,8.326748161,8.412352577,7.575260817,7.286663732,6.350434042,5.775902188,5.220549641,4.548414317,4.312573597,3.680361104,3.741882397,3.194148376,3.142034463,2.634975496,5.918969291,4.556573302
95,NIC,2019,77.982,70.944,,41.24,58.76,,,,1.229759088,0.6542891879,1.63563252,50.71449818,49.28550182,28.65677226,31.08775493,8.757654347,9.641957307,8.617272563,9.367684403,8.657700107,9.109065637,8.26469136,8.391672122,7.67641336,7.4382266,6.477022725,5.932267488,5.358426929,4.680804369,4.380152667,3.726459896,3.777836488,3.204293636,3.204169038,2.696448587,6.171888156,4.723365026
96,NIC,2020,,,,40.988,59.012,,,,1.200479988,0.5875572365,1.628419746,50.71594254,49.28405746,28.31870655,30.7169183,8.665195307,9.553152382,8.446366571,9.217486015,8.538398461,9.018028093,8.207089611,8.371750118,7.738238923,7.547393463,6.609360048,6.099516394,5.493577561,4.817190627,4.466642161,3.792977868,3.818668603,3.219842633,3.263471049,2.747048945,6.434285153,4.898695162
97,SYR,2005,76.774,72.299,,46.218,53.782,,,,2.947799315,2.161158684,3.628784621,48.97776711,51.02223289,38.99428382,39.65099047,11.47365782,11.69116048,10.57701663,10.59307239,8.588546847,8.462297734,6.6344264,6.462859843,5.487365303,5.329888092,4.69268239,4.579035454,3.684886791,3.618411186,2.929679486,2.844576749,1.895807746,1.955737247,1.621935984,1.520705555,3.419710783,3.291264792
98,SYR,2006,76.962,72.14,,45.854,54.146,,,,3.731437095,2.940753726,4.405958037,49.04201145,50.95798855,38.41232997,39.1512687,11.25678998,11.48707185,10.61496133,10.64027214,8.827016202,8.694783702,6.815781205,6.63234974,5.533653798,5.364585253,4.733304426,4.60775473,3.757947834,3.684968227,3.006544423,2.908996857,1.984082025,2.028682646,1.599800065,1.522217282,3.457788736,3.277048879
99,SYR,2007,77.05,71.613,370000,45.489,54.511,35.2,,,4.207360602,3.40816387,4.879207911,49.16151351,50.83848649,38.05672312,38.87669513,10.96133294,11.20800372,10.56237472,10.60307417,9.034887048,8.896579738,7.00940767,6.811946203,5.57955158,5.397224664,4.747017432,4.609311183,3.83940489,3.75498043,3.044507151,2.947137808,2.108897542,2.117792694,1.562647737,1.520779394,3.493248163,3.256474868
100,SYR,2008,77.034,70.717,,45.125,54.875,,,,3.876832502,3.073427189,4.542362331,49.30179422,50.69820578,37.82249667,38.71684229,10.63692137,10.90601106,10.43971377,10.50155513,9.205828849,9.063155527,7.213267397,7.000670848,5.640210131,5.442992447,4.750071679,4.599516852,3.92189986,3.82350785,3.063956966,2.973045053,2.248172583,2.21229908,1.530810412,1.525997356,3.526650314,3.234406512
101,SYR,2009,76.931,69.509,,44.763,55.237,,,,2.588332527,1.782878864,3.245849336,49.42573692,50.57426308,37.48875482,38.44933301,10.36255628,10.66123535,10.28745962,10.37490603,9.344052504,9.201233711,7.435513572,7.207614114,5.742418372,5.528249984,4.770140401,4.605185742,3.999805747,3.887367066,3.097529577,3.01054182,2.376082645,2.301814295,1.533265548,1.552433007,3.562420912,3.220085869
102,SYR,2010,76.778,68.113,,44.4,55.6,,,,0.7360796076,-0.07816685897,1.391100181,49.51419871,50.48580129,36.87554071,37.89519752,10.18960924,10.52422566,10.13840617,10.25613233,9.459889874,9.323470916,7.686359648,7.443600169,5.905379641,5.671684415,4.827827317,4.646237152,4.075560074,3.949522719,3.165325312,3.075340402,2.483055764,2.384319034,1.584761452,1.607892407,3.6082848,3.222377272
103,SYR,2011,76.624,66.697,,45.42,54.58,,,,-1.322819459,0.9484902638,-3.17439048,49.56445873,50.43554127,36.31707727,37.31593974,10.05722318,10.42530293,9.931422717,10.13365621,9.472722354,9.387177908,7.873788399,7.626133917,6.054002613,5.803055039,4.880742212,4.682806208,4.145673206,3.996086799,3.269950762,3.162885683,2.59586316,2.472056322,1.688453738,1.690065023,3.713080387,3.304834216
104,SYR,2012,76.522,65.451,-5386986,46.445,53.555,,,,-3.097273339,-0.8656460807,-4.993107918,49.58681406,50.41318594,35.53692262,36.51069922,10.01995071,10.41234851,9.715510045,9.996049062,9.476348251,9.468092654,8.088501408,7.844364662,6.244284646,5.971924559,4.953665424,4.739156052,4.209875106,4.039866144,3.400628319,3.27103933,2.69144093,2.552834218,1.84168099,1.801913279,3.821191556,3.391712307
105,SYR,2013,76.51,64.533,,47.471,52.529,,,,-4.300775093,-2.11575268,-6.235155471,49.59243998,50.40756002,34.54055378,35.48927366,10.04228978,10.45165851,9.51285651,9.85760805,9.476129362,9.571754135,8.320635209,8.093959009,6.472093805,6.174438473,5.05545171,4.821964719,4.275355147,4.088893464,3.549236985,3.392178378,2.781128755,2.633522028,2.029365445,1.936077386,3.944903511,3.488672186
106,SYR,2014,76.601,64.032,,48.5,51.5,,,,-4.533414815,-2.388937389,-6.511771625,49.60032251,50.39967749,33.49587358,34.42353654,10.03567344,10.45430088,9.343808836,9.737216995,9.454330029,9.670250849,8.535184196,8.347311566,6.718216645,6.395813084,5.186145295,4.929577913,4.34462398,4.144181135,3.69211039,3.506056857,2.880145439,2.721455402,2.218871615,2.073394896,4.095016547,3.596903884
107,SYR,2015,76.798,64.019,,47.832,52.168,,,,-3.886822642,-5.273712793,-2.598077633,49.62621013,50.37378987,32.59582197,33.50847531,9.92177851,10.3416311,9.212967281,9.642919936,9.386914731,9.723529,8.700664272,8.579945815,6.963429049,6.623841355,5.338773744,5.053729449,4.41571918,4.200705098,3.809198367,3.59663348,2.995454369,2.818184646,2.384634134,2.197269837,4.274644394,3.713134976
108,SYR,2016,77.084,64.512,,47.165,52.835,,,,-2.999657156,-4.403935468,-1.729199745,49.67467704,50.32532296,31.88630105,32.83614743,9.776965418,10.17395211,9.131527056,9.558406677,9.222940529,9.591934926,8.800209406,8.751259869,7.22792303,6.904509794,5.528031237,5.225548867,4.490682534,4.260317559,3.888916552,3.663396401,3.102479448,2.910984717,2.49314082,2.279113175,4.450882922,3.844428468
109,SYR,2017,77.418,65.407,-2136954,46.5,53.5,,,,-2.140618609,-3.560601567,-0.8898337624,49.73970893,50.26029107,31.33122106,32.32278125,9.540008768,9.915909916,9.115540066,9.535221691,8.994810978,9.379326895,8.834332784,8.867347204,7.483792243,7.183986002,5.737936264,5.418318866,4.568736317,4.323784937,3.944851762,3.71045908,3.223770059,3.013384141,2.570414717,2.343961762,4.654584977,3.985518252
110,SYR,2018,77.763,66.578,,45.838,54.162,,,,-0.8848692627,-2.318749124,0.3449147374,49.81421136,50.18578864,30.90003387,31.9391445,9.256385077,9.616330549,9.125346862,9.530100671,8.740418401,9.131371271,8.80387023,8.918706968,7.713022398,7.444332458,5.963287264,5.629071828,4.657560926,4.399475871,3.984765401,3.743644324,3.347842194,3.115470308,2.629803476,2.400913545,4.877663902,4.131437711
111,SYR,2019,78.103,67.941,,45.179,54.821,,,,0.7353805692,-0.7127312229,1.944762791,49.88585911,50.11414089,30.50994048,31.60346248,9.006830068,9.357698535,9.097769242,9.480896131,8.518184664,8.913630758,8.717008421,8.900795483,7.896230698,7.667182961,6.198272766,5.855807728,4.769656378,4.499231403,4.023917567,3.77540607,3.457990305,3.204622102,2.695176912,2.464606554,5.109022495,4.276659789
112,SYR,2020,,,,44.525,55.475,,,,2.490815344,1.032665766,3.676724835,49.94436495,50.05563505,30.19472823,31.35328334,8.827136652,9.174794936,8.982881251,9.341745752,8.352226028,8.749352887,8.573286569,8.806920953,8.012329142,7.83122043,6.428500495,6.086107809,4.906589851,4.623253366,4.068500166,3.810782226,3.540320839,3.270101306,2.77704302,2.538976594,5.336457759,4.413460402
113,USA,2005,80.1,75,,20.072,79.928,,,,0.9217131672,0.07338981487,1.135884591,50.65380201,49.34619799,20.12812705,21.65409668,7.009240757,7.622493835,6.738986888,7.242865282,6.471328294,6.695235613,6.559786464,6.795708188,6.891116283,7.256337329,7.484168625,7.809743676,7.472578897,7.613527584,6.806359624,6.78355786,5.933979992,5.719742228,4.540326296,4.191052707,13.96400083,10.61563901
114,USA,2006,80.3,75.2,,19.901,80.099,,,,0.9642539171,0.1086702803,1.17796816,50.64389646,49.35610354,20.07311988,21.58121935,7.000120454,7.589232333,6.763107385,7.260724114,6.472035458,6.718047941,6.486616011,6.681772634,6.74007771,7.069573639,7.322578999,7.652828946,7.461197373,7.61845889,6.88653246,6.870787868,6.072988391,5.87315602,4.723985825,4.361779924,13.99764006,10.72241834
115,USA,2007,80.6,75.5,5428756,19.731,80.269,,,,0.9510552428,0.09315709016,1.163067761,50.63678471,49.36321529,19.95499809,21.44354905,6.995266756,7.567985855,6.781918099,7.267878673,6.492029438,6.763287339,6.428202086,6.594877724,6.623684971,6.906524095,7.140847015,7.472389107,7.42538744,7.604669598,6.973479646,6.964604161,6.182287073,5.996025985,4.938125073,4.578704584,14.06377431,10.83950383
116,USA,2008,80.6,75.6,,19.562,80.438,,,,0.9458652873,0.08565726163,1.156185671,50.6307101,49.3692899,19.80068832,21.26724035,6.985386321,7.550071751,6.793270274,7.269991595,6.523622516,6.811500591,6.384155508,6.539334129,6.536090535,6.764589079,6.953127485,7.280663101,7.360984907,7.564748492,7.056369686,7.057265603,6.272575263,6.098335746,5.16260723,4.8168099,14.17112195,10.97944966
117,USA,2009,80.9,76,,19.394,80.606,,,,0.8766512988,0.01413321458,1.085290294,50.62334814,49.37665186,19.64596423,21.09040122,6.956637569,7.519506505,6.798144717,7.272073905,6.55592275,6.846995744,6.356389199,6.51423636,6.464964966,6.640463166,6.778456609,7.09321772,7.26615986,7.492306824,7.117622953,7.133945173,6.360593937,6.197409465,5.370967421,5.041444835,14.32817579,11.15799909
118,USA,2010,81,76.2,,19.228,80.772,,,,0.8296166747,-0.03000184275,1.035344801,50.61318905,49.38681095,19.50133887,20.92573001,6.905071867,7.46826947,6.799570966,7.277325061,6.581674686,6.868021428,6.34592425,6.511406033,6.402071747,6.535231983,6.629636151,6.92029292,7.144555027,7.388053711,7.145682261,7.18366662,6.455333705,6.303888103,5.549079911,5.233325717,14.54006056,11.38478894
119,USA,2011,81.1,76.3,,19.056,80.944,,,,0.7267867048,-0.1717671776,0.9395054109,50.59960338,49.40039662,19.34155914,20.72513147,6.861375002,7.401377294,6.846224706,7.337296217,6.62389479,6.934568262,6.352111712,6.526763117,6.34017846,6.452853149,6.505247922,6.760584722,6.998553485,7.249599553,7.125118008,7.182335733,6.532015601,6.388397861,5.681089875,5.370178172,14.7926313,11.67091445
120,USA,2012,81.2,76.4,4961716,18.881,81.119,,,,0.7335999413,-0.1889891549,0.9495655084,50.58340493,49.41659507,19.15597766,20.50593597,6.781375286,7.291573521,6.900649521,7.400021374,6.669776019,7.007650213,6.381224431,6.566657299,6.289322485,6.395181462,6.41128535,6.621739529,6.83745631,7.09343356,7.082386107,7.16366176,6.612851454,6.478939546,5.786160747,5.479505917,15.09153463,11.99569985
121,USA,2013,81.2,76.4,,18.701,81.299,,,,0.6928602766,-0.2650512901,0.9145104136,50.56629629,49.43370371,18.96332789,20.28563856,6.675116712,7.153185819,6.949424119,7.450892776,6.718593877,7.083841125,6.426693094,6.625046381,6.251508122,6.360769832,6.340265041,6.502625289,6.672118438,6.928010724,7.016901229,7.124496203,6.686837921,6.565870571,5.872621758,5.570682362,15.4265918,12.34894036
122,USA,2014,81.3,76.5,,18.517,81.483,,,,0.7333615199,-0.2554151595,0.9594307819,50.55067347,49.44932653,18.77429383,20.07245618,6.563393473,7.012922001,6.972291367,7.468736519,6.771192688,7.160459921,6.479780775,6.694658848,6.231512649,6.348645673,6.280434516,6.401537548,6.519008777,6.766668405,6.929174273,7.061669998,6.738563419,6.635478813,5.955287751,5.660146379,15.78506648,12.71661971
123,USA,2015,81.2,76.3,,18.329,81.671,,,,0.7362173088,-0.2842562341,0.9666747822,50.53822117,49.46177883,18.59255916,19.86863058,6.460582157,6.888688735,6.95553921,7.440238922,6.82661468,7.234387599,6.534937976,6.770491713,6.232015402,6.357959894,6.225182905,6.318172133,6.388692326,6.618613584,6.82123378,6.974721231,6.759288069,6.679729269,6.042013406,5.75698374,16.16134093,13.0913826
124,USA,2016,81.1,76.1,,18.138,81.862,,,,0.7246760675,-0.322855438,0.9582680606,50.5293128,49.4706872,18.40263266,19.65737093,6.401923992,6.813085434,6.908222445,7.375933342,6.877950004,7.300734762,6.586157005,6.845916836,6.249279452,6.384887327,6.177395731,6.25284957,6.28191193,6.482021694,6.694632945,6.860353166,6.750586414,6.692254935,6.123219029,5.845688617,16.54608839,13.48890339
125,USA,2017,81.1,76.1,4774029,17.942,82.058,,,,0.6326439951,-0.4538416798,0.8717852601,50.52338227,49.47661773,18.24666761,19.48337371,6.35095696,6.751103169,6.825574528,7.268988718,6.93184337,7.364122455,6.634162754,6.920690586,6.282104443,6.428542265,6.134142098,6.204453178,6.198330208,6.358584953,6.547903798,6.723263864,6.715928999,6.683747185,6.20346891,5.935264878,16.92891632,13.87786504
126,USA,2018,81.2,76.2,,17.744,82.256,,,,0.5264353956,-0.5832545573,0.7674374305,50.52001465,49.47998535,18.10485359,19.32595144,6.305655681,6.699963385,6.723415949,7.139412491,6.978184689,7.413869539,6.681341887,6.995027525,6.327042184,6.486387224,6.10017496,6.174732124,6.133775147,6.250693903,6.394575389,6.574907146,6.65767761,6.654653977,6.274946886,6.01922432,17.31835602,14.26517692
127,USA,2019,81.4,76.3,,17.541,82.459,,,,0.455381286,-0.6952620327,0.7018677752,50.51848721,49.48151279,17.95198334,19.15918079,6.264132922,6.655677901,6.624465562,7.015787419,7.001259479,7.433873443,6.732101803,7.070152715,6.378705579,6.554700356,6.082829683,6.165810475,6.079803912,6.159867946,6.253227514,6.43089296,6.579048919,6.604769663,6.326275523,6.088045396,17.72616577,14.66124093
128,USA,2020,,,,17.336,82.664,,,,0.3509110633,-0.8246614381,0.5992107623,50.51821564,49.48178436,17.78052926,18.97534952,6.224612311,6.614924317,6.54002711,6.913124989,6.991454696,7.414830214,6.787581434,7.145001927,6.432924725,6.629913387,6.085529256,6.177927913,6.030918659,6.086660659,6.134719937,6.300620317,6.482731374,6.534175054,6.350598584,6.135985382,18.15837266,15.07148632
129,YEM,2005,65.093,61.947,,71.064,28.936,34.8,,,2.862014264,2.096626747,4.766973092,49.59828752,50.40171248,45.55888969,46.54841757,12.06272898,12.23838574,9.481933802,9.534705375,7.067899978,7.343808988,5.272600821,5.461117796,4.472856233,4.006568861,3.932804529,3.449658305,3.134754527,3.028215946,2.521083565,2.442601408,2.090548278,2.009683376,1.54073014,1.466083812,2.863169454,2.470752822
130,YEM,2006,65.621,62.447,,70.51,29.49,,,,2.844810495,2.062180374,4.741275009,49.60008504,50.39991496,44.93260999,45.92003861,12.19678297,12.38481696,9.676933963,9.713455746,7.270786313,7.494602485,5.366710031,5.615947815,4.435230133,4.07946746,3.91719555,3.403184771,3.170072266,3.004951683,2.521905322,2.442934902,2.089261269,1.999346477,1.558148154,1.479174765,2.864364033,2.462078326
131,YEM,2007,66.107,62.902,-65768,69.949,30.051,,,,2.83489894,2.036084262,4.719372554,49.59953979,50.40046021,44.21482737,45.19744352,12.34171486,12.54036154,9.86404073,9.907057158,7.485987392,7.644228282,5.503887873,5.776803864,4.410635856,4.194803796,3.890639179,3.363040176,3.21865353,2.978822979,2.533575836,2.459267878,2.081312963,1.983865171,1.589537126,1.500985644,2.865187278,2.453319983
132,YEM,2008,66.544,63.306,,69.381,30.619,,,,2.82422828,2.008892032,4.696710466,49.59757491,50.40242509,43.46695401,44.44307295,12.45741494,12.6651347,10.04235136,10.10603059,7.705783076,7.796251899,5.672245515,5.939302752,4.40672409,4.33816795,3.857901681,3.338981241,3.269173119,2.950560685,2.554914706,2.48209789,2.071795155,1.969001033,1.626297721,1.525750817,2.868444623,2.445647495
133,YEM,2009,66.921,63.652,,68.806,31.194,,,,2.811869556,1.979657026,4.672377945,49.59526061,50.40473939,42.77736769,43.74700259,12.48665387,12.70206747,10.21093303,10.29702543,7.920329174,7.955643333,5.854770339,6.097627488,4.432852256,4.48903529,3.825380253,3.344090176,3.305836189,2.920956371,2.584090998,2.498307174,2.067654276,1.962453406,1.657073157,1.545786923,2.87705876,2.440004353
134,YEM,2010,67.228,63.93,,68.224,31.776,,,,2.795765962,1.946315824,4.644309223,49.59335524,50.40664476,42.18715071,43.15122582,12.40464714,12.62614289,10.36777071,10.47118279,8.124106472,8.125263193,6.041014976,6.249168386,4.493946802,4.635608617,3.79868311,3.384990128,3.321144876,2.892109341,2.619515401,2.501562556,2.072824385,1.967736173,1.6765435,1.557766147,2.892651909,2.437243956
135,YEM,2011,67.458,64.134,,67.636,32.364,,,,2.779983481,1.914379388,4.613527895,49.59198719,50.40801281,41.70169282,42.66349836,12.22624867,12.44537611,10.50972524,10.62580895,8.313819621,8.301047644,6.230799494,6.393353982,4.586167716,4.779237544,3.776226205,3.45529026,3.316265276,2.859661471,2.656976087,2.488448605,2.079683026,1.973855195,1.678883647,1.553296157,2.923512206,2.461125724
136,YEM,2012,67.617,64.274,-75010,67.042,32.958,,,,2.757339123,1.875230705,4.576069523,49.59113194,50.40886806,41.29359104,42.25424712,11.95817584,12.17316596,10.64604572,10.77179698,8.484875201,8.477033192,6.423032952,6.527938579,4.70923102,4.922008412,3.759634657,3.557383604,3.297640799,2.828628288,2.702190289,2.469965309,2.093144454,1.990596962,1.674713314,1.543190287,2.957724719,2.484045305
137,YEM,2013,67.718,64.361,,66.441,33.559,,,,2.716539832,1.816044329,4.523646397,49.59118168,50.40881832,40.93824349,41.89804614,11.64823286,11.85933314,10.74898462,10.88153683,8.641356775,8.649958087,6.614694385,6.660160068,4.855746447,5.062769586,3.757953611,3.680985128,3.27161558,2.809425922,2.747044083,2.448391739,2.113377303,2.011389388,1.669338252,1.533413135,2.993412585,2.504590828
138,YEM,2014,67.77,64.404,,65.835,34.165,48.6,,,2.654140643,1.737864441,4.443812516,49.5924834,50.4075166,40.58653299,41.54482388,11.36471305,11.57416786,10.78238418,10.9198148,8.79259133,8.818789675,6.804852126,6.801992997,5.016659888,5.202382212,3.783786823,3.812973809,3.247457992,2.816744192,2.781296605,2.427114617,2.14140325,2.027912928,1.670142894,1.531837764,3.028178874,2.52144526
139,YEM,2015,67.789,64.419,,65.223,34.777,,,,2.578030216,1.644088128,4.353477767,49.5952299,50.4047701,40.21014809,41.16581548,11.14554945,11.35613014,10.73067875,10.87213755,8.941745294,8.980872997,6.992056194,6.958845168,5.185803799,5.341378638,3.843304721,3.945472199,3.231351231,2.857707389,2.800158427,2.408919426,2.177034376,2.036208513,1.680735766,1.541853683,3.061433903,2.534658821
140,YEM,2016,67.789,64.417,,64.606,35.394,,,,2.498277225,1.547790025,4.256882021,49.59952091,50.40047909,39.88339556,40.83735902,10.96379881,11.16591888,10.59476812,10.73500238,9.082586795,9.134348964,7.170473805,7.125133682,5.36059229,5.477010435,3.930390577,4.076686997,3.218354587,2.923389246,2.80108008,2.385833601,2.211705534,2.028327365,1.688459376,1.54980958,3.094394471,2.561179846
141,YEM,2017,67.786,64.413,-150000,63.984,36.016,,,,2.423989182,1.456561769,4.166093437,49.60519401,50.39480599,39.52026259,40.47505511,10.84007749,11.03638698,10.38764261,10.52284549,9.226789012,9.287582734,7.33993206,7.299224177,5.543714175,5.610787936,4.04871638,4.212514469,3.213620238,3.019890002,2.793711133,2.366813454,2.256097985,2.01900594,1.703891331,1.567914108,3.125544993,2.58197961
142,YEM,2018,67.795,64.418,,63.358,36.642,,,,2.357044408,1.373862326,4.080219579,49.61165749,50.38834251,39.13258737,40.08980075,10.75899719,10.95277484,10.14613186,10.27389667,9.346933576,9.412699737,7.501505269,7.475960678,5.730836474,5.746902475,4.190875393,4.350664282,3.223853674,3.137671036,2.782171363,2.359879315,2.302529326,2.009294698,1.72670426,1.590492878,3.156874243,2.599962646
143,YEM,2019,67.826,64.443,,62.727,37.273,,,,2.30059415,1.29967238,4.008004545,49.61825904,50.38174096,38.73942112,39.70002894,10.69521573,10.88947096,9.923012587,10.04312876,9.40389801,9.471066582,7.657876444,7.648436417,5.916844637,5.891398506,4.346224833,4.488532893,3.257883853,3.263461283,2.772052763,2.375975036,2.340535402,2.000233592,1.756768207,1.609913067,3.190266405,2.61835396
144,YEM,2020,,,,62.092,37.908,,,,2.251560627,1.234077252,3.940859562,49.62448495,50.37551505,38.34660847,39.31061495,10.63491526,10.83209734,9.750095652,9.864475738,9.37985673,9.445526901,7.808852966,7.810516949,6.098155778,6.046828,4.507862755,4.624849875,3.320306496,3.389520855,2.767599963,2.42050824,2.3649713,1.993233271,1.793536281,1.622670505,3.227238353,2.639157377
